"Device","Measurement","Unit","Average","Minimum","Maximum","Timestamp","Value"
"Medidor 3 - ICAS","Potencia reactiva L3 (Q3)","var",-1120.148571119992,-4359.4717,0,"2025-04-17T05:50:01.464Z",-287.5014
"Medidor 3 - ICAS","Potencia reactiva L3 (Q3)","var",-1120.148571119992,-4359.4717,0,"2025-04-17T05:51:01.548Z",-280.4119
"Medidor 3 - ICAS","Potencia reactiva L3 (Q3)","var",-1120.148571119992,-4359.4717,0,"2025-04-17T05:52:01.676Z",-290.4293
"Medidor 3 - ICAS","Potencia reactiva L3 (Q3)","var",-1120.148571119992,-4359.4717,0,"2025-04-17T05:53:01.743Z",-287.4398
"Medidor 3 - ICAS","Potencia reactiva L3 (Q3)","var",-1120.148571119992,-4359.4717,0,"2025-04-17T05:54:01.778Z",-295.3235
"Medidor 3 - ICAS","Potencia reactiva L3 (Q3)","var",-1120.148571119992,-4359.4717,0,"2025-04-17T05:55:01.921Z",-297.3228
"Medidor 3 - ICAS","Potencia reactiva L3 (Q3)","var",-1120.148571119992,-4359.4717,0,"2025-04-17T05:56:01.977Z",-285.5051
"Medidor 3 - ICAS","Potencia reactiva L3 (Q3)","var",-1120.148571119992,-4359.4717,0,"2025-04-17T05:57:02.047Z",-287.5077
"Medidor 3 - ICAS","Potencia reactiva L3 (Q3)","var",-1120.148571119992,-4359.4717,0,"2025-04-17T05:58:02.108Z",-284.0833
"Medidor 3 - ICAS","Potencia reactiva L3 (Q3)","var",-1120.148571119992,-4359.4717,0,"2025-04-17T05:59:02.152Z",-300.6013
"Medidor 3 - ICAS","Potencia reactiva L3 (Q3)","var",-1120.148571119992,-4359.4717,0,"2025-04-17T06:00:02.269Z",-299.7739
"Medidor 3 - ICAS","Potencia reactiva L3 (Q3)","var",-1120.148571119992,-4359.4717,0,"2025-04-17T06:01:02.346Z",-299.6292
"Medidor 3 - ICAS","Potencia reactiva L3 (Q3)","var",-1120.148571119992,-4359.4717,0,"2025-04-17T06:02:02.466Z",-302.2955
"Medidor 3 - ICAS","Potencia reactiva L3 (Q3)","var",-1120.148571119992,-4359.4717,0,"2025-04-17T06:03:02.507Z",-293.7877
"Medidor 3 - ICAS","Potencia reactiva L3 (Q3)","var",-1120.148571119992,-4359.4717,0,"2025-04-17T06:04:02.647Z",-294.5117
"Medidor 3 - ICAS","Potencia reactiva L3 (Q3)","var",-1120.148571119992,-4359.4717,0,"2025-04-17T06:05:02.727Z",-301.8343
"Medidor 3 - ICAS","Potencia reactiva L3 (Q3)","var",-1120.148571119992,-4359.4717,0,"2025-04-17T06:06:02.803Z",-314.3928
"Medidor 3 - ICAS","Potencia reactiva L3 (Q3)","var",-1120.148571119992,-4359.4717,0,"2025-04-17T06:07:02.865Z",-303.4503
"Medidor 3 - ICAS","Potencia reactiva L3 (Q3)","var",-1120.148571119992,-4359.4717,0,"2025-04-17T06:08:02.945Z",-300.1697
"Medidor 3 - ICAS","Potencia reactiva L3 (Q3)","var",-1120.148571119992,-4359.4717,0,"2025-04-17T06:09:03.086Z",-299.9966
"Medidor 3 - ICAS","Potencia reactiva L3 (Q3)","var",-1120.148571119992,-4359.4717,0,"2025-04-17T06:10:03.106Z",-257.4816
"Medidor 3 - ICAS","Potencia reactiva L3 (Q3)","var",-1120.148571119992,-4359.4717,0,"2025-04-17T06:11:03.206Z",-262.5531
"Medidor 3 - ICAS","Potencia reactiva L3 (Q3)","var",-1120.148571119992,-4359.4717,0,"2025-04-17T06:12:03.309Z",-290.5459
"Medidor 3 - ICAS","Potencia reactiva L3 (Q3)","var",-1120.148571119992,-4359.4717,0,"2025-04-17T06:13:03.357Z",-296.1779
"Medidor 3 - ICAS","Potencia reactiva L3 (Q3)","var",-1120.148571119992,-4359.4717,0,"2025-04-17T06:14:03.460Z",-307.2866
"Medidor 3 - ICAS","Potencia reactiva L3 (Q3)","var",-1120.148571119992,-4359.4717,0,"2025-04-17T06:15:03.562Z",-292.674
"Medidor 3 - ICAS","Potencia reactiva L3 (Q3)","var",-1120.148571119992,-4359.4717,0,"2025-04-17T06:16:03.613Z",-292.8953
"Medidor 3 - ICAS","Potencia reactiva L3 (Q3)","var",-1120.148571119992,-4359.4717,0,"2025-04-17T06:17:03.705Z",-276.7183
"Medidor 3 - ICAS","Potencia reactiva L3 (Q3)","var",-1120.148571119992,-4359.4717,0,"2025-04-17T06:18:03.781Z",-277.647
"Medidor 3 - ICAS","Potencia reactiva L3 (Q3)","var",-1120.148571119992,-4359.4717,0,"2025-04-17T06:19:03.842Z",-289.9291
"Medidor 3 - ICAS","Potencia reactiva L3 (Q3)","var",-1120.148571119992,-4359.4717,0,"2025-04-17T06:20:03.929Z",-301.3629
"Medidor 3 - ICAS","Potencia reactiva L3 (Q3)","var",-1120.148571119992,-4359.4717,0,"2025-04-17T06:21:04.011Z",-304.674
"Medidor 3 - ICAS","Potencia reactiva L3 (Q3)","var",-1120.148571119992,-4359.4717,0,"2025-04-17T06:22:04.094Z",-304.9499
"Medidor 3 - ICAS","Potencia reactiva L3 (Q3)","var",-1120.148571119992,-4359.4717,0,"2025-04-17T06:23:04.196Z",-306.8826
"Medidor 3 - ICAS","Potencia reactiva L3 (Q3)","var",-1120.148571119992,-4359.4717,0,"2025-04-17T06:24:04.317Z",-300.492
"Medidor 3 - ICAS","Potencia reactiva L3 (Q3)","var",-1120.148571119992,-4359.4717,0,"2025-04-17T06:25:04.361Z",-304.3591
"Medidor 3 - ICAS","Potencia reactiva L3 (Q3)","var",-1120.148571119992,-4359.4717,0,"2025-04-17T06:26:04.449Z",-302.4873
"Medidor 3 - ICAS","Potencia reactiva L3 (Q3)","var",-1120.148571119992,-4359.4717,0,"2025-04-17T06:27:04.471Z",-314.8629
"Medidor 3 - ICAS","Potencia reactiva L3 (Q3)","var",-1120.148571119992,-4359.4717,0,"2025-04-17T06:28:04.573Z",-316.5489
"Medidor 3 - ICAS","Potencia reactiva L3 (Q3)","var",-1120.148571119992,-4359.4717,0,"2025-04-17T06:29:04.634Z",-313.3479
"Medidor 3 - ICAS","Potencia reactiva L3 (Q3)","var",-1120.148571119992,-4359.4717,0,"2025-04-17T06:30:04.761Z",-315.445
"Medidor 3 - ICAS","Potencia reactiva L3 (Q3)","var",-1120.148571119992,-4359.4717,0,"2025-04-17T06:31:04.834Z",-305.3891
"Medidor 3 - ICAS","Potencia reactiva L3 (Q3)","var",-1120.148571119992,-4359.4717,0,"2025-04-17T06:32:04.953Z",-307.0517
"Medidor 3 - ICAS","Potencia reactiva L3 (Q3)","var",-1120.148571119992,-4359.4717,0,"2025-04-17T06:33:05.027Z",-315.2994
"Medidor 3 - ICAS","Potencia reactiva L3 (Q3)","var",-1120.148571119992,-4359.4717,0,"2025-04-17T06:34:05.091Z",-318.4287
"Medidor 3 - ICAS","Potencia reactiva L3 (Q3)","var",-1120.148571119992,-4359.4717,0,"2025-04-17T06:35:05.152Z",-325.942
"Medidor 3 - ICAS","Potencia reactiva L3 (Q3)","var",-1120.148571119992,-4359.4717,0,"2025-04-17T06:36:05.217Z",-326.2921
"Medidor 3 - ICAS","Potencia reactiva L3 (Q3)","var",-1120.148571119992,-4359.4717,0,"2025-04-17T06:37:05.301Z",-317.6878
"Medidor 3 - ICAS","Potencia reactiva L3 (Q3)","var",-1120.148571119992,-4359.4717,0,"2025-04-17T06:38:05.389Z",-310.6093
"Medidor 3 - ICAS","Potencia reactiva L3 (Q3)","var",-1120.148571119992,-4359.4717,0,"2025-04-17T06:39:05.485Z",-308.7313
"Medidor 3 - ICAS","Potencia reactiva L3 (Q3)","var",-1120.148571119992,-4359.4717,0,"2025-04-17T06:40:05.554Z",-319.0448
"Medidor 3 - ICAS","Potencia reactiva L3 (Q3)","var",-1120.148571119992,-4359.4717,0,"2025-04-17T06:41:05.653Z",-301.7587
"Medidor 3 - ICAS","Potencia reactiva L3 (Q3)","var",-1120.148571119992,-4359.4717,0,"2025-04-17T06:42:05.696Z",-294.8403
"Medidor 3 - ICAS","Potencia reactiva L3 (Q3)","var",-1120.148571119992,-4359.4717,0,"2025-04-17T06:43:05.793Z",-288.0905
"Medidor 3 - ICAS","Potencia reactiva L3 (Q3)","var",-1120.148571119992,-4359.4717,0,"2025-04-17T06:44:05.902Z",-289.3764
"Medidor 3 - ICAS","Potencia reactiva L3 (Q3)","var",-1120.148571119992,-4359.4717,0,"2025-04-17T06:45:06.003Z",-278.579
"Medidor 3 - ICAS","Potencia reactiva L3 (Q3)","var",-1120.148571119992,-4359.4717,0,"2025-04-17T06:46:06.094Z",-290.1659
"Medidor 3 - ICAS","Potencia reactiva L3 (Q3)","var",-1120.148571119992,-4359.4717,0,"2025-04-17T06:47:06.242Z",-286.2231
"Medidor 3 - ICAS","Potencia reactiva L3 (Q3)","var",-1120.148571119992,-4359.4717,0,"2025-04-17T06:48:06.308Z",-279.7692
"Medidor 3 - ICAS","Potencia reactiva L3 (Q3)","var",-1120.148571119992,-4359.4717,0,"2025-04-17T06:49:06.377Z",-308.326
"Medidor 3 - ICAS","Potencia reactiva L3 (Q3)","var",-1120.148571119992,-4359.4717,0,"2025-04-17T06:50:06.479Z",-312.3228
"Medidor 3 - ICAS","Potencia reactiva L3 (Q3)","var",-1120.148571119992,-4359.4717,0,"2025-04-17T06:51:06.558Z",-326.5891
"Medidor 3 - ICAS","Potencia reactiva L3 (Q3)","var",-1120.148571119992,-4359.4717,0,"2025-04-17T06:52:06.689Z",-306.0428
"Medidor 3 - ICAS","Potencia reactiva L3 (Q3)","var",-1120.148571119992,-4359.4717,0,"2025-04-17T06:53:06.789Z",-296.2236
"Medidor 3 - ICAS","Potencia reactiva L3 (Q3)","var",-1120.148571119992,-4359.4717,0,"2025-04-17T06:54:06.889Z",-330.8658
"Medidor 3 - ICAS","Potencia reactiva L3 (Q3)","var",-1120.148571119992,-4359.4717,0,"2025-04-17T06:55:06.950Z",-319.9011
"Medidor 3 - ICAS","Potencia reactiva L3 (Q3)","var",-1120.148571119992,-4359.4717,0,"2025-04-17T06:56:07.070Z",-325.4953
"Medidor 3 - ICAS","Potencia reactiva L3 (Q3)","var",-1120.148571119992,-4359.4717,0,"2025-04-17T06:57:07.113Z",-326.9072
"Medidor 3 - ICAS","Potencia reactiva L3 (Q3)","var",-1120.148571119992,-4359.4717,0,"2025-04-17T06:58:07.215Z",-320.7548
"Medidor 3 - ICAS","Potencia reactiva L3 (Q3)","var",-1120.148571119992,-4359.4717,0,"2025-04-17T06:59:07.277Z",-308.1852
"Medidor 3 - ICAS","Potencia reactiva L3 (Q3)","var",-1120.148571119992,-4359.4717,0,"2025-04-17T07:00:07.324Z",-312.7609
"Medidor 3 - ICAS","Potencia reactiva L3 (Q3)","var",-1120.148571119992,-4359.4717,0,"2025-04-17T07:01:07.422Z",-320.2965
"Medidor 3 - ICAS","Potencia reactiva L3 (Q3)","var",-1120.148571119992,-4359.4717,0,"2025-04-17T07:02:07.523Z",-328.2925
"Medidor 3 - ICAS","Potencia reactiva L3 (Q3)","var",-1120.148571119992,-4359.4717,0,"2025-04-17T07:03:07.637Z",-332.9485
"Medidor 3 - ICAS","Potencia reactiva L3 (Q3)","var",-1120.148571119992,-4359.4717,0,"2025-04-17T07:04:07.704Z",-331.8281
"Medidor 3 - ICAS","Potencia reactiva L3 (Q3)","var",-1120.148571119992,-4359.4717,0,"2025-04-17T07:05:07.829Z",-320.839
"Medidor 3 - ICAS","Potencia reactiva L3 (Q3)","var",-1120.148571119992,-4359.4717,0,"2025-04-17T07:06:07.880Z",-319.747
"Medidor 3 - ICAS","Potencia reactiva L3 (Q3)","var",-1120.148571119992,-4359.4717,0,"2025-04-17T07:07:08.015Z",-316.1106
"Medidor 3 - ICAS","Potencia reactiva L3 (Q3)","var",-1120.148571119992,-4359.4717,0,"2025-04-17T07:08:08.047Z",-328.359
"Medidor 3 - ICAS","Potencia reactiva L3 (Q3)","var",-1120.148571119992,-4359.4717,0,"2025-04-17T07:09:08.129Z",-325.5976
"Medidor 3 - ICAS","Potencia reactiva L3 (Q3)","var",-1120.148571119992,-4359.4717,0,"2025-04-17T07:10:08.253Z",-315.9957
"Medidor 3 - ICAS","Potencia reactiva L3 (Q3)","var",-1120.148571119992,-4359.4717,0,"2025-04-17T07:11:08.334Z",-321.7764
"Medidor 3 - ICAS","Potencia reactiva L3 (Q3)","var",-1120.148571119992,-4359.4717,0,"2025-04-17T07:12:08.403Z",-309.2098
"Medidor 3 - ICAS","Potencia reactiva L3 (Q3)","var",-1120.148571119992,-4359.4717,0,"2025-04-17T07:13:08.447Z",-311.4166
"Medidor 3 - ICAS","Potencia reactiva L3 (Q3)","var",-1120.148571119992,-4359.4717,0,"2025-04-17T07:14:08.506Z",-324.6147
"Medidor 3 - ICAS","Potencia reactiva L3 (Q3)","var",-1120.148571119992,-4359.4717,0,"2025-04-17T07:15:08.627Z",-319.8915
"Medidor 3 - ICAS","Potencia reactiva L3 (Q3)","var",-1120.148571119992,-4359.4717,0,"2025-04-17T07:16:08.712Z",-314.8887
"Medidor 3 - ICAS","Potencia reactiva L3 (Q3)","var",-1120.148571119992,-4359.4717,0,"2025-04-17T07:17:08.793Z",-318.6847
"Medidor 3 - ICAS","Potencia reactiva L3 (Q3)","var",-1120.148571119992,-4359.4717,0,"2025-04-17T07:18:08.870Z",-332.5534
"Medidor 3 - ICAS","Potencia reactiva L3 (Q3)","var",-1120.148571119992,-4359.4717,0,"2025-04-17T07:19:08.978Z",-327.1209
"Medidor 3 - ICAS","Potencia reactiva L3 (Q3)","var",-1120.148571119992,-4359.4717,0,"2025-04-17T07:20:09.058Z",-326.0486
"Medidor 3 - ICAS","Potencia reactiva L3 (Q3)","var",-1120.148571119992,-4359.4717,0,"2025-04-17T07:21:09.112Z",-340.2887
"Medidor 3 - ICAS","Potencia reactiva L3 (Q3)","var",-1120.148571119992,-4359.4717,0,"2025-04-17T07:22:09.208Z",-340.045
"Medidor 3 - ICAS","Potencia reactiva L3 (Q3)","var",-1120.148571119992,-4359.4717,0,"2025-04-17T07:23:09.317Z",-338.9844
"Medidor 3 - ICAS","Potencia reactiva L3 (Q3)","var",-1120.148571119992,-4359.4717,0,"2025-04-17T07:24:09.393Z",-341.7765
"Medidor 3 - ICAS","Potencia reactiva L3 (Q3)","var",-1120.148571119992,-4359.4717,0,"2025-04-17T07:25:09.521Z",-324.6985
"Medidor 3 - ICAS","Potencia reactiva L3 (Q3)","var",-1120.148571119992,-4359.4717,0,"2025-04-17T07:26:09.561Z",-323.9425
"Medidor 3 - ICAS","Potencia reactiva L3 (Q3)","var",-1120.148571119992,-4359.4717,0,"2025-04-17T07:27:09.702Z",-325.1526
"Medidor 3 - ICAS","Potencia reactiva L3 (Q3)","var",-1120.148571119992,-4359.4717,0,"2025-04-17T07:28:09.775Z",-327.631
"Medidor 3 - ICAS","Potencia reactiva L3 (Q3)","var",-1120.148571119992,-4359.4717,0,"2025-04-17T07:29:09.866Z",-328.8914
"Medidor 3 - ICAS","Potencia reactiva L3 (Q3)","var",-1120.148571119992,-4359.4717,0,"2025-04-17T07:30:09.915Z",-322.7364
"Medidor 3 - ICAS","Potencia reactiva L3 (Q3)","var",-1120.148571119992,-4359.4717,0,"2025-04-17T07:31:10.041Z",-329.1401
"Medidor 3 - ICAS","Potencia reactiva L3 (Q3)","var",-1120.148571119992,-4359.4717,0,"2025-04-17T07:32:10.122Z",-314.7562
"Medidor 3 - ICAS","Potencia reactiva L3 (Q3)","var",-1120.148571119992,-4359.4717,0,"2025-04-17T07:33:10.221Z",-330.3652
"Medidor 3 - ICAS","Potencia reactiva L3 (Q3)","var",-1120.148571119992,-4359.4717,0,"2025-04-17T07:34:10.330Z",-332.8027
"Medidor 3 - ICAS","Potencia reactiva L3 (Q3)","var",-1120.148571119992,-4359.4717,0,"2025-04-17T07:35:10.384Z",-332.815
"Medidor 3 - ICAS","Potencia reactiva L3 (Q3)","var",-1120.148571119992,-4359.4717,0,"2025-04-17T07:36:10.471Z",-332.9849
"Medidor 3 - ICAS","Potencia reactiva L3 (Q3)","var",-1120.148571119992,-4359.4717,0,"2025-04-17T07:37:10.570Z",-328.3236
"Medidor 3 - ICAS","Potencia reactiva L3 (Q3)","var",-1120.148571119992,-4359.4717,0,"2025-04-17T07:38:10.683Z",-330.1749
"Medidor 3 - ICAS","Potencia reactiva L3 (Q3)","var",-1120.148571119992,-4359.4717,0,"2025-04-17T07:39:10.768Z",-321.396
"Medidor 3 - ICAS","Potencia reactiva L3 (Q3)","var",-1120.148571119992,-4359.4717,0,"2025-04-17T07:40:10.864Z",-337.3958
"Medidor 3 - ICAS","Potencia reactiva L3 (Q3)","var",-1120.148571119992,-4359.4717,0,"2025-04-17T07:41:10.878Z",-329.1019
"Medidor 3 - ICAS","Potencia reactiva L3 (Q3)","var",-1120.148571119992,-4359.4717,0,"2025-04-17T07:42:10.972Z",-323.7021
"Medidor 3 - ICAS","Potencia reactiva L3 (Q3)","var",-1120.148571119992,-4359.4717,0,"2025-04-17T07:43:11.060Z",-326.4759
"Medidor 3 - ICAS","Potencia reactiva L3 (Q3)","var",-1120.148571119992,-4359.4717,0,"2025-04-17T07:44:11.135Z",-328.741
"Medidor 3 - ICAS","Potencia reactiva L3 (Q3)","var",-1120.148571119992,-4359.4717,0,"2025-04-17T07:45:11.224Z",-314.8818
"Medidor 3 - ICAS","Potencia reactiva L3 (Q3)","var",-1120.148571119992,-4359.4717,0,"2025-04-17T07:46:11.316Z",-312.8191
"Medidor 3 - ICAS","Potencia reactiva L3 (Q3)","var",-1120.148571119992,-4359.4717,0,"2025-04-17T07:47:11.317Z",-320.8366
"Medidor 3 - ICAS","Potencia reactiva L3 (Q3)","var",-1120.148571119992,-4359.4717,0,"2025-04-17T07:48:11.414Z",-320.3993
"Medidor 3 - ICAS","Potencia reactiva L3 (Q3)","var",-1120.148571119992,-4359.4717,0,"2025-04-17T07:49:11.460Z",-320.7638
"Medidor 3 - ICAS","Potencia reactiva L3 (Q3)","var",-1120.148571119992,-4359.4717,0,"2025-04-17T07:50:11.518Z",-325.1765
"Medidor 3 - ICAS","Potencia reactiva L3 (Q3)","var",-1120.148571119992,-4359.4717,0,"2025-04-17T07:51:11.602Z",-319.1405
"Medidor 3 - ICAS","Potencia reactiva L3 (Q3)","var",-1120.148571119992,-4359.4717,0,"2025-04-17T07:52:11.685Z",-318.6793
"Medidor 3 - ICAS","Potencia reactiva L3 (Q3)","var",-1120.148571119992,-4359.4717,0,"2025-04-17T07:53:11.773Z",-318.8588
"Medidor 3 - ICAS","Potencia reactiva L3 (Q3)","var",-1120.148571119992,-4359.4717,0,"2025-04-17T07:54:11.828Z",-325.429
"Medidor 3 - ICAS","Potencia reactiva L3 (Q3)","var",-1120.148571119992,-4359.4717,0,"2025-04-17T07:55:11.927Z",-321.8059
"Medidor 3 - ICAS","Potencia reactiva L3 (Q3)","var",-1120.148571119992,-4359.4717,0,"2025-04-17T07:56:11.952Z",-328.7849
"Medidor 3 - ICAS","Potencia reactiva L3 (Q3)","var",-1120.148571119992,-4359.4717,0,"2025-04-17T07:57:12.094Z",-328.9612
"Medidor 3 - ICAS","Potencia reactiva L3 (Q3)","var",-1120.148571119992,-4359.4717,0,"2025-04-17T07:58:12.174Z",-324.1573
"Medidor 3 - ICAS","Potencia reactiva L3 (Q3)","var",-1120.148571119992,-4359.4717,0,"2025-04-17T07:59:12.279Z",-326.2077
"Medidor 3 - ICAS","Potencia reactiva L3 (Q3)","var",-1120.148571119992,-4359.4717,0,"2025-04-17T08:00:12.366Z",-345.0243
"Medidor 3 - ICAS","Potencia reactiva L3 (Q3)","var",-1120.148571119992,-4359.4717,0,"2025-04-17T08:01:12.471Z",-329.9971
"Medidor 3 - ICAS","Potencia reactiva L3 (Q3)","var",-1120.148571119992,-4359.4717,0,"2025-04-17T08:02:12.559Z",-332.981
"Medidor 3 - ICAS","Potencia reactiva L3 (Q3)","var",-1120.148571119992,-4359.4717,0,"2025-04-17T08:03:12.604Z",-328.4196
"Medidor 3 - ICAS","Potencia reactiva L3 (Q3)","var",-1120.148571119992,-4359.4717,0,"2025-04-17T08:04:12.667Z",-328.9705
"Medidor 3 - ICAS","Potencia reactiva L3 (Q3)","var",-1120.148571119992,-4359.4717,0,"2025-04-17T08:05:12.835Z",-335.0509
"Medidor 3 - ICAS","Potencia reactiva L3 (Q3)","var",-1120.148571119992,-4359.4717,0,"2025-04-17T08:06:12.889Z",-324.505
"Medidor 3 - ICAS","Potencia reactiva L3 (Q3)","var",-1120.148571119992,-4359.4717,0,"2025-04-17T08:07:12.967Z",-335.7291
"Medidor 3 - ICAS","Potencia reactiva L3 (Q3)","var",-1120.148571119992,-4359.4717,0,"2025-04-17T08:08:13.024Z",-334.2812
"Medidor 3 - ICAS","Potencia reactiva L3 (Q3)","var",-1120.148571119992,-4359.4717,0,"2025-04-17T08:09:13.130Z",-327.1621
"Medidor 3 - ICAS","Potencia reactiva L3 (Q3)","var",-1120.148571119992,-4359.4717,0,"2025-04-17T08:10:13.169Z",-324.4195
"Medidor 3 - ICAS","Potencia reactiva L3 (Q3)","var",-1120.148571119992,-4359.4717,0,"2025-04-17T08:11:13.310Z",-315.7386
"Medidor 3 - ICAS","Potencia reactiva L3 (Q3)","var",-1120.148571119992,-4359.4717,0,"2025-04-17T08:12:13.335Z",-333.1406
"Medidor 3 - ICAS","Potencia reactiva L3 (Q3)","var",-1120.148571119992,-4359.4717,0,"2025-04-17T08:13:13.418Z",-339.8774
"Medidor 3 - ICAS","Potencia reactiva L3 (Q3)","var",-1120.148571119992,-4359.4717,0,"2025-04-17T08:14:13.527Z",-339.3132
"Medidor 3 - ICAS","Potencia reactiva L3 (Q3)","var",-1120.148571119992,-4359.4717,0,"2025-04-17T08:15:13.649Z",-340.5854
"Medidor 3 - ICAS","Potencia reactiva L3 (Q3)","var",-1120.148571119992,-4359.4717,0,"2025-04-17T08:16:13.725Z",-342.1489
"Medidor 3 - ICAS","Potencia reactiva L3 (Q3)","var",-1120.148571119992,-4359.4717,0,"2025-04-17T08:17:13.824Z",-330.279
"Medidor 3 - ICAS","Potencia reactiva L3 (Q3)","var",-1120.148571119992,-4359.4717,0,"2025-04-17T08:18:13.901Z",-333.9066
"Medidor 3 - ICAS","Potencia reactiva L3 (Q3)","var",-1120.148571119992,-4359.4717,0,"2025-04-17T08:19:13.961Z",-338.4366
"Medidor 3 - ICAS","Potencia reactiva L3 (Q3)","var",-1120.148571119992,-4359.4717,0,"2025-04-17T08:20:14.028Z",-338.3371
"Medidor 3 - ICAS","Potencia reactiva L3 (Q3)","var",-1120.148571119992,-4359.4717,0,"2025-04-17T08:21:14.128Z",-341.7865
"Medidor 3 - ICAS","Potencia reactiva L3 (Q3)","var",-1120.148571119992,-4359.4717,0,"2025-04-17T08:22:14.172Z",-344.1393
"Medidor 3 - ICAS","Potencia reactiva L3 (Q3)","var",-1120.148571119992,-4359.4717,0,"2025-04-17T08:23:14.304Z",-335.7442
"Medidor 3 - ICAS","Potencia reactiva L3 (Q3)","var",-1120.148571119992,-4359.4717,0,"2025-04-17T08:24:14.389Z",-327.4222
"Medidor 3 - ICAS","Potencia reactiva L3 (Q3)","var",-1120.148571119992,-4359.4717,0,"2025-04-17T08:25:14.484Z",-340.8208
"Medidor 3 - ICAS","Potencia reactiva L3 (Q3)","var",-1120.148571119992,-4359.4717,0,"2025-04-17T08:26:14.545Z",-338.3817
"Medidor 3 - ICAS","Potencia reactiva L3 (Q3)","var",-1120.148571119992,-4359.4717,0,"2025-04-17T08:27:14.670Z",-336.338
"Medidor 3 - ICAS","Potencia reactiva L3 (Q3)","var",-1120.148571119992,-4359.4717,0,"2025-04-17T08:28:14.754Z",-341.7282
"Medidor 3 - ICAS","Potencia reactiva L3 (Q3)","var",-1120.148571119992,-4359.4717,0,"2025-04-17T08:29:14.812Z",-329.2027
"Medidor 3 - ICAS","Potencia reactiva L3 (Q3)","var",-1120.148571119992,-4359.4717,0,"2025-04-17T08:30:14.927Z",-327.3398
"Medidor 3 - ICAS","Potencia reactiva L3 (Q3)","var",-1120.148571119992,-4359.4717,0,"2025-04-17T08:31:14.958Z",-340.5186
"Medidor 3 - ICAS","Potencia reactiva L3 (Q3)","var",-1120.148571119992,-4359.4717,0,"2025-04-17T08:32:15.058Z",-346.2809
"Medidor 3 - ICAS","Potencia reactiva L3 (Q3)","var",-1120.148571119992,-4359.4717,0,"2025-04-17T08:33:15.148Z",-326.8023
"Medidor 3 - ICAS","Potencia reactiva L3 (Q3)","var",-1120.148571119992,-4359.4717,0,"2025-04-17T08:34:15.267Z",-340.2996
"Medidor 3 - ICAS","Potencia reactiva L3 (Q3)","var",-1120.148571119992,-4359.4717,0,"2025-04-17T08:35:15.372Z",-330.2383
"Medidor 3 - ICAS","Potencia reactiva L3 (Q3)","var",-1120.148571119992,-4359.4717,0,"2025-04-17T08:36:15.476Z",-339.2284
"Medidor 3 - ICAS","Potencia reactiva L3 (Q3)","var",-1120.148571119992,-4359.4717,0,"2025-04-17T08:37:15.544Z",-340.093
"Medidor 3 - ICAS","Potencia reactiva L3 (Q3)","var",-1120.148571119992,-4359.4717,0,"2025-04-17T08:38:15.667Z",-348.4144
"Medidor 3 - ICAS","Potencia reactiva L3 (Q3)","var",-1120.148571119992,-4359.4717,0,"2025-04-17T08:39:15.704Z",-350.2141
"Medidor 3 - ICAS","Potencia reactiva L3 (Q3)","var",-1120.148571119992,-4359.4717,0,"2025-04-17T08:40:15.824Z",-347.748
"Medidor 3 - ICAS","Potencia reactiva L3 (Q3)","var",-1120.148571119992,-4359.4717,0,"2025-04-17T08:41:15.913Z",-334.3872
"Medidor 3 - ICAS","Potencia reactiva L3 (Q3)","var",-1120.148571119992,-4359.4717,0,"2025-04-17T08:42:16.022Z",-321.4545
"Medidor 3 - ICAS","Potencia reactiva L3 (Q3)","var",-1120.148571119992,-4359.4717,0,"2025-04-17T08:43:16.087Z",-334.2832
"Medidor 3 - ICAS","Potencia reactiva L3 (Q3)","var",-1120.148571119992,-4359.4717,0,"2025-04-17T08:44:16.222Z",-325.2225
"Medidor 3 - ICAS","Potencia reactiva L3 (Q3)","var",-1120.148571119992,-4359.4717,0,"2025-04-17T08:45:16.313Z",-344.4517
"Medidor 3 - ICAS","Potencia reactiva L3 (Q3)","var",-1120.148571119992,-4359.4717,0,"2025-04-17T08:46:16.426Z",-350.8516
"Medidor 3 - ICAS","Potencia reactiva L3 (Q3)","var",-1120.148571119992,-4359.4717,0,"2025-04-17T08:47:16.504Z",-338.7798
"Medidor 3 - ICAS","Potencia reactiva L3 (Q3)","var",-1120.148571119992,-4359.4717,0,"2025-04-17T08:48:16.591Z",-346.5197
"Medidor 3 - ICAS","Potencia reactiva L3 (Q3)","var",-1120.148571119992,-4359.4717,0,"2025-04-17T08:49:16.693Z",-340.7638
"Medidor 3 - ICAS","Potencia reactiva L3 (Q3)","var",-1120.148571119992,-4359.4717,0,"2025-04-17T08:50:16.779Z",-341.4937
"Medidor 3 - ICAS","Potencia reactiva L3 (Q3)","var",-1120.148571119992,-4359.4717,0,"2025-04-17T08:51:16.900Z",-331.2382
"Medidor 3 - ICAS","Potencia reactiva L3 (Q3)","var",-1120.148571119992,-4359.4717,0,"2025-04-17T08:52:16.974Z",-327.6331
"Medidor 3 - ICAS","Potencia reactiva L3 (Q3)","var",-1120.148571119992,-4359.4717,0,"2025-04-17T08:53:17.028Z",-312.9407
"Medidor 3 - ICAS","Potencia reactiva L3 (Q3)","var",-1120.148571119992,-4359.4717,0,"2025-04-17T08:54:17.087Z",-344.0555
"Medidor 3 - ICAS","Potencia reactiva L3 (Q3)","var",-1120.148571119992,-4359.4717,0,"2025-04-17T08:55:17.156Z",-335.7777
"Medidor 3 - ICAS","Potencia reactiva L3 (Q3)","var",-1120.148571119992,-4359.4717,0,"2025-04-17T08:56:17.199Z",-350.9055
"Medidor 3 - ICAS","Potencia reactiva L3 (Q3)","var",-1120.148571119992,-4359.4717,0,"2025-04-17T08:57:17.280Z",-345.7995
"Medidor 3 - ICAS","Potencia reactiva L3 (Q3)","var",-1120.148571119992,-4359.4717,0,"2025-04-17T08:58:17.381Z",-336.6693
"Medidor 3 - ICAS","Potencia reactiva L3 (Q3)","var",-1120.148571119992,-4359.4717,0,"2025-04-17T08:59:17.448Z",-336.1097
"Medidor 3 - ICAS","Potencia reactiva L3 (Q3)","var",-1120.148571119992,-4359.4717,0,"2025-04-17T09:00:17.537Z",-329.1588
"Medidor 3 - ICAS","Potencia reactiva L3 (Q3)","var",-1120.148571119992,-4359.4717,0,"2025-04-17T09:01:17.658Z",-346.5836
"Medidor 3 - ICAS","Potencia reactiva L3 (Q3)","var",-1120.148571119992,-4359.4717,0,"2025-04-17T09:02:17.760Z",-328.6008
"Medidor 3 - ICAS","Potencia reactiva L3 (Q3)","var",-1120.148571119992,-4359.4717,0,"2025-04-17T09:03:17.812Z",-334.9224
"Medidor 3 - ICAS","Potencia reactiva L3 (Q3)","var",-1120.148571119992,-4359.4717,0,"2025-04-17T09:04:17.913Z",-333.8742
"Medidor 3 - ICAS","Potencia reactiva L3 (Q3)","var",-1120.148571119992,-4359.4717,0,"2025-04-17T09:05:17.993Z",-337.002
"Medidor 3 - ICAS","Potencia reactiva L3 (Q3)","var",-1120.148571119992,-4359.4717,0,"2025-04-17T09:06:18.043Z",-337.7678
"Medidor 3 - ICAS","Potencia reactiva L3 (Q3)","var",-1120.148571119992,-4359.4717,0,"2025-04-17T09:07:18.131Z",-346.1405
"Medidor 3 - ICAS","Potencia reactiva L3 (Q3)","var",-1120.148571119992,-4359.4717,0,"2025-04-17T09:08:18.213Z",-347.7414
"Medidor 3 - ICAS","Potencia reactiva L3 (Q3)","var",-1120.148571119992,-4359.4717,0,"2025-04-17T09:09:18.300Z",-339.7763
"Medidor 3 - ICAS","Potencia reactiva L3 (Q3)","var",-1120.148571119992,-4359.4717,0,"2025-04-17T09:10:18.394Z",-346.7397
"Medidor 3 - ICAS","Potencia reactiva L3 (Q3)","var",-1120.148571119992,-4359.4717,0,"2025-04-17T09:11:18.400Z",-334.1603
"Medidor 3 - ICAS","Potencia reactiva L3 (Q3)","var",-1120.148571119992,-4359.4717,0,"2025-04-17T09:12:18.528Z",-338.3865
"Medidor 3 - ICAS","Potencia reactiva L3 (Q3)","var",-1120.148571119992,-4359.4717,0,"2025-04-17T09:13:18.579Z",-341.2571
"Medidor 3 - ICAS","Potencia reactiva L3 (Q3)","var",-1120.148571119992,-4359.4717,0,"2025-04-17T09:14:18.646Z",-336.4215
"Medidor 3 - ICAS","Potencia reactiva L3 (Q3)","var",-1120.148571119992,-4359.4717,0,"2025-04-17T09:15:18.748Z",-341.2197
"Medidor 3 - ICAS","Potencia reactiva L3 (Q3)","var",-1120.148571119992,-4359.4717,0,"2025-04-17T09:16:18.826Z",-336.7982
"Medidor 3 - ICAS","Potencia reactiva L3 (Q3)","var",-1120.148571119992,-4359.4717,0,"2025-04-17T09:17:18.885Z",-342.5587
"Medidor 3 - ICAS","Potencia reactiva L3 (Q3)","var",-1120.148571119992,-4359.4717,0,"2025-04-17T09:18:18.926Z",-343.1405
"Medidor 3 - ICAS","Potencia reactiva L3 (Q3)","var",-1120.148571119992,-4359.4717,0,"2025-04-17T09:19:19.078Z",-356.9658
"Medidor 3 - ICAS","Potencia reactiva L3 (Q3)","var",-1120.148571119992,-4359.4717,0,"2025-04-17T09:20:19.170Z",-355.8332
"Medidor 3 - ICAS","Potencia reactiva L3 (Q3)","var",-1120.148571119992,-4359.4717,0,"2025-04-17T09:21:19.268Z",-352.5863
"Medidor 3 - ICAS","Potencia reactiva L3 (Q3)","var",-1120.148571119992,-4359.4717,0,"2025-04-17T09:22:19.353Z",-349.164
"Medidor 3 - ICAS","Potencia reactiva L3 (Q3)","var",-1120.148571119992,-4359.4717,0,"2025-04-17T09:23:19.420Z",-337.576
"Medidor 3 - ICAS","Potencia reactiva L3 (Q3)","var",-1120.148571119992,-4359.4717,0,"2025-04-17T09:24:19.529Z",-329.5732
"Medidor 3 - ICAS","Potencia reactiva L3 (Q3)","var",-1120.148571119992,-4359.4717,0,"2025-04-17T09:25:19.645Z",-345.6134
"Medidor 3 - ICAS","Potencia reactiva L3 (Q3)","var",-1120.148571119992,-4359.4717,0,"2025-04-17T09:26:19.711Z",-346.4738
"Medidor 3 - ICAS","Potencia reactiva L3 (Q3)","var",-1120.148571119992,-4359.4717,0,"2025-04-17T09:27:19.809Z",-351.2109
"Medidor 3 - ICAS","Potencia reactiva L3 (Q3)","var",-1120.148571119992,-4359.4717,0,"2025-04-17T09:28:19.894Z",-347.8006
"Medidor 3 - ICAS","Potencia reactiva L3 (Q3)","var",-1120.148571119992,-4359.4717,0,"2025-04-17T09:29:19.980Z",-339.0383
"Medidor 3 - ICAS","Potencia reactiva L3 (Q3)","var",-1120.148571119992,-4359.4717,0,"2025-04-17T09:30:20.041Z",-341.9929
"Medidor 3 - ICAS","Potencia reactiva L3 (Q3)","var",-1120.148571119992,-4359.4717,0,"2025-04-17T09:31:20.122Z",-351.378
"Medidor 3 - ICAS","Potencia reactiva L3 (Q3)","var",-1120.148571119992,-4359.4717,0,"2025-04-17T09:32:20.194Z",-351.8741
"Medidor 3 - ICAS","Potencia reactiva L3 (Q3)","var",-1120.148571119992,-4359.4717,0,"2025-04-17T09:33:20.264Z",-354.4924
"Medidor 3 - ICAS","Potencia reactiva L3 (Q3)","var",-1120.148571119992,-4359.4717,0,"2025-04-17T09:34:20.367Z",-349.8711
"Medidor 3 - ICAS","Potencia reactiva L3 (Q3)","var",-1120.148571119992,-4359.4717,0,"2025-04-17T09:35:20.415Z",-339.1542
"Medidor 3 - ICAS","Potencia reactiva L3 (Q3)","var",-1120.148571119992,-4359.4717,0,"2025-04-17T09:36:20.474Z",-350.1369
"Medidor 3 - ICAS","Potencia reactiva L3 (Q3)","var",-1120.148571119992,-4359.4717,0,"2025-04-17T09:37:20.599Z",-349.8734
"Medidor 3 - ICAS","Potencia reactiva L3 (Q3)","var",-1120.148571119992,-4359.4717,0,"2025-04-17T09:38:20.688Z",-350.8876
"Medidor 3 - ICAS","Potencia reactiva L3 (Q3)","var",-1120.148571119992,-4359.4717,0,"2025-04-17T09:39:20.767Z",-352.7269
"Medidor 3 - ICAS","Potencia reactiva L3 (Q3)","var",-1120.148571119992,-4359.4717,0,"2025-04-17T09:40:20.793Z",-356.4173
"Medidor 3 - ICAS","Potencia reactiva L3 (Q3)","var",-1120.148571119992,-4359.4717,0,"2025-04-17T09:41:20.867Z",-353.4003
"Medidor 3 - ICAS","Potencia reactiva L3 (Q3)","var",-1120.148571119992,-4359.4717,0,"2025-04-17T09:42:20.941Z",-351.5259
"Medidor 3 - ICAS","Potencia reactiva L3 (Q3)","var",-1120.148571119992,-4359.4717,0,"2025-04-17T09:43:21.021Z",-356.8484
"Medidor 3 - ICAS","Potencia reactiva L3 (Q3)","var",-1120.148571119992,-4359.4717,0,"2025-04-17T09:44:21.097Z",-354.3245
"Medidor 3 - ICAS","Potencia reactiva L3 (Q3)","var",-1120.148571119992,-4359.4717,0,"2025-04-17T09:45:21.177Z",-346.8409
"Medidor 3 - ICAS","Potencia reactiva L3 (Q3)","var",-1120.148571119992,-4359.4717,0,"2025-04-17T09:46:21.270Z",-337.6307
"Medidor 3 - ICAS","Potencia reactiva L3 (Q3)","var",-1120.148571119992,-4359.4717,0,"2025-04-17T09:47:21.436Z",-337.29
"Medidor 3 - ICAS","Potencia reactiva L3 (Q3)","var",-1120.148571119992,-4359.4717,0,"2025-04-17T09:48:21.520Z",-350.3159
"Medidor 3 - ICAS","Potencia reactiva L3 (Q3)","var",-1120.148571119992,-4359.4717,0,"2025-04-17T09:49:21.615Z",-346.4575
"Medidor 3 - ICAS","Potencia reactiva L3 (Q3)","var",-1120.148571119992,-4359.4717,0,"2025-04-17T09:50:21.709Z",-350.8082
"Medidor 3 - ICAS","Potencia reactiva L3 (Q3)","var",-1120.148571119992,-4359.4717,0,"2025-04-17T09:51:21.770Z",-364.3753
"Medidor 3 - ICAS","Potencia reactiva L3 (Q3)","var",-1120.148571119992,-4359.4717,0,"2025-04-17T09:52:21.886Z",-353.7664
"Medidor 3 - ICAS","Potencia reactiva L3 (Q3)","var",-1120.148571119992,-4359.4717,0,"2025-04-17T09:53:21.975Z",-335.2963
"Medidor 3 - ICAS","Potencia reactiva L3 (Q3)","var",-1120.148571119992,-4359.4717,0,"2025-04-17T09:54:22.053Z",-339.2135
"Medidor 3 - ICAS","Potencia reactiva L3 (Q3)","var",-1120.148571119992,-4359.4717,0,"2025-04-17T09:55:22.161Z",-329.9323
"Medidor 3 - ICAS","Potencia reactiva L3 (Q3)","var",-1120.148571119992,-4359.4717,0,"2025-04-17T09:56:22.260Z",-327.5951
"Medidor 3 - ICAS","Potencia reactiva L3 (Q3)","var",-1120.148571119992,-4359.4717,0,"2025-04-17T09:57:22.321Z",-329.709
"Medidor 3 - ICAS","Potencia reactiva L3 (Q3)","var",-1120.148571119992,-4359.4717,0,"2025-04-17T09:58:22.377Z",-318.7104
"Medidor 3 - ICAS","Potencia reactiva L3 (Q3)","var",-1120.148571119992,-4359.4717,0,"2025-04-17T09:59:22.479Z",-318.8204
"Medidor 3 - ICAS","Potencia reactiva L3 (Q3)","var",-1120.148571119992,-4359.4717,0,"2025-04-17T10:00:22.545Z",-327.9774
"Medidor 3 - ICAS","Potencia reactiva L3 (Q3)","var",-1120.148571119992,-4359.4717,0,"2025-04-17T10:01:22.638Z",-324.353
"Medidor 3 - ICAS","Potencia reactiva L3 (Q3)","var",-1120.148571119992,-4359.4717,0,"2025-04-17T10:02:22.678Z",-326.1197
"Medidor 3 - ICAS","Potencia reactiva L3 (Q3)","var",-1120.148571119992,-4359.4717,0,"2025-04-17T10:03:22.775Z",-319.1247
"Medidor 3 - ICAS","Potencia reactiva L3 (Q3)","var",-1120.148571119992,-4359.4717,0,"2025-04-17T10:04:22.907Z",-314.1457
"Medidor 3 - ICAS","Potencia reactiva L3 (Q3)","var",-1120.148571119992,-4359.4717,0,"2025-04-17T10:05:22.970Z",-311.709
"Medidor 3 - ICAS","Potencia reactiva L3 (Q3)","var",-1120.148571119992,-4359.4717,0,"2025-04-17T10:06:23.103Z",-322.7355
"Medidor 3 - ICAS","Potencia reactiva L3 (Q3)","var",-1120.148571119992,-4359.4717,0,"2025-04-17T10:07:23.140Z",-328.6395
"Medidor 3 - ICAS","Potencia reactiva L3 (Q3)","var",-1120.148571119992,-4359.4717,0,"2025-04-17T10:08:23.234Z",-320.6094
"Medidor 3 - ICAS","Potencia reactiva L3 (Q3)","var",-1120.148571119992,-4359.4717,0,"2025-04-17T10:09:23.323Z",-325.9345
"Medidor 3 - ICAS","Potencia reactiva L3 (Q3)","var",-1120.148571119992,-4359.4717,0,"2025-04-17T10:10:23.434Z",-317.6279
"Medidor 3 - ICAS","Potencia reactiva L3 (Q3)","var",-1120.148571119992,-4359.4717,0,"2025-04-17T10:11:23.493Z",-327.063
"Medidor 3 - ICAS","Potencia reactiva L3 (Q3)","var",-1120.148571119992,-4359.4717,0,"2025-04-17T10:12:23.520Z",-317.2135
"Medidor 3 - ICAS","Potencia reactiva L3 (Q3)","var",-1120.148571119992,-4359.4717,0,"2025-04-17T10:13:23.631Z",-319.6793
"Medidor 3 - ICAS","Potencia reactiva L3 (Q3)","var",-1120.148571119992,-4359.4717,0,"2025-04-17T10:14:23.741Z",-321.54
"Medidor 3 - ICAS","Potencia reactiva L3 (Q3)","var",-1120.148571119992,-4359.4717,0,"2025-04-17T10:15:23.831Z",-321.6654
"Medidor 3 - ICAS","Potencia reactiva L3 (Q3)","var",-1120.148571119992,-4359.4717,0,"2025-04-17T10:16:23.881Z",-315.1038
"Medidor 3 - ICAS","Potencia reactiva L3 (Q3)","var",-1120.148571119992,-4359.4717,0,"2025-04-17T10:17:23.982Z",-319.2669
"Medidor 3 - ICAS","Potencia reactiva L3 (Q3)","var",-1120.148571119992,-4359.4717,0,"2025-04-17T10:18:24.037Z",-321.2837
"Medidor 3 - ICAS","Potencia reactiva L3 (Q3)","var",-1120.148571119992,-4359.4717,0,"2025-04-17T10:19:24.143Z",-325.3395
"Medidor 3 - ICAS","Potencia reactiva L3 (Q3)","var",-1120.148571119992,-4359.4717,0,"2025-04-17T10:20:24.223Z",-329.4135
"Medidor 3 - ICAS","Potencia reactiva L3 (Q3)","var",-1120.148571119992,-4359.4717,0,"2025-04-17T10:21:24.266Z",-314.775
"Medidor 3 - ICAS","Potencia reactiva L3 (Q3)","var",-1120.148571119992,-4359.4717,0,"2025-04-17T10:22:24.326Z",-313.8403
"Medidor 3 - ICAS","Potencia reactiva L3 (Q3)","var",-1120.148571119992,-4359.4717,0,"2025-04-17T10:23:24.439Z",-327.8891
"Medidor 3 - ICAS","Potencia reactiva L3 (Q3)","var",-1120.148571119992,-4359.4717,0,"2025-04-17T10:24:24.525Z",-331.4151
"Medidor 3 - ICAS","Potencia reactiva L3 (Q3)","var",-1120.148571119992,-4359.4717,0,"2025-04-17T10:25:24.637Z",-325.038
"Medidor 3 - ICAS","Potencia reactiva L3 (Q3)","var",-1120.148571119992,-4359.4717,0,"2025-04-17T10:26:24.701Z",-325.5171
"Medidor 3 - ICAS","Potencia reactiva L3 (Q3)","var",-1120.148571119992,-4359.4717,0,"2025-04-17T10:27:24.816Z",-329.0134
"Medidor 3 - ICAS","Potencia reactiva L3 (Q3)","var",-1120.148571119992,-4359.4717,0,"2025-04-17T10:28:24.853Z",-314.5669
"Medidor 3 - ICAS","Potencia reactiva L3 (Q3)","var",-1120.148571119992,-4359.4717,0,"2025-04-17T10:29:24.977Z",-320.3787
"Medidor 3 - ICAS","Potencia reactiva L3 (Q3)","var",-1120.148571119992,-4359.4717,0,"2025-04-17T10:30:25.034Z",-326.0941
"Medidor 3 - ICAS","Potencia reactiva L3 (Q3)","var",-1120.148571119992,-4359.4717,0,"2025-04-17T10:31:25.087Z",-319.6559
"Medidor 3 - ICAS","Potencia reactiva L3 (Q3)","var",-1120.148571119992,-4359.4717,0,"2025-04-17T10:32:25.193Z",-320.6243
"Medidor 3 - ICAS","Potencia reactiva L3 (Q3)","var",-1120.148571119992,-4359.4717,0,"2025-04-17T10:33:25.266Z",-326.2326
"Medidor 3 - ICAS","Potencia reactiva L3 (Q3)","var",-1120.148571119992,-4359.4717,0,"2025-04-17T10:34:25.411Z",-312.7286
"Medidor 3 - ICAS","Potencia reactiva L3 (Q3)","var",-1120.148571119992,-4359.4717,0,"2025-04-17T10:35:25.509Z",-312.7587
"Medidor 3 - ICAS","Potencia reactiva L3 (Q3)","var",-1120.148571119992,-4359.4717,0,"2025-04-17T10:36:25.577Z",-321.7186
"Medidor 3 - ICAS","Potencia reactiva L3 (Q3)","var",-1120.148571119992,-4359.4717,0,"2025-04-17T10:37:25.655Z",-323.8354
"Medidor 3 - ICAS","Potencia reactiva L3 (Q3)","var",-1120.148571119992,-4359.4717,0,"2025-04-17T10:38:25.743Z",-320.6641
"Medidor 3 - ICAS","Potencia reactiva L3 (Q3)","var",-1120.148571119992,-4359.4717,0,"2025-04-17T10:39:25.836Z",-323.3524
"Medidor 3 - ICAS","Potencia reactiva L3 (Q3)","var",-1120.148571119992,-4359.4717,0,"2025-04-17T10:40:25.945Z",-308.4156
"Medidor 3 - ICAS","Potencia reactiva L3 (Q3)","var",-1120.148571119992,-4359.4717,0,"2025-04-17T10:41:26.042Z",-313.1107
"Medidor 3 - ICAS","Potencia reactiva L3 (Q3)","var",-1120.148571119992,-4359.4717,0,"2025-04-17T10:42:26.079Z",-324.5919
"Medidor 3 - ICAS","Potencia reactiva L3 (Q3)","var",-1120.148571119992,-4359.4717,0,"2025-04-17T10:43:26.210Z",-326.6102
"Medidor 3 - ICAS","Potencia reactiva L3 (Q3)","var",-1120.148571119992,-4359.4717,0,"2025-04-17T10:44:26.325Z",-322.4213
"Medidor 3 - ICAS","Potencia reactiva L3 (Q3)","var",-1120.148571119992,-4359.4717,0,"2025-04-17T10:45:26.408Z",-322.7781
"Medidor 3 - ICAS","Potencia reactiva L3 (Q3)","var",-1120.148571119992,-4359.4717,0,"2025-04-17T10:46:26.521Z",-317.4996
"Medidor 3 - ICAS","Potencia reactiva L3 (Q3)","var",-1120.148571119992,-4359.4717,0,"2025-04-17T10:47:26.588Z",-310.7444
"Medidor 3 - ICAS","Potencia reactiva L3 (Q3)","var",-1120.148571119992,-4359.4717,0,"2025-04-17T10:48:26.711Z",-320.6598
"Medidor 3 - ICAS","Potencia reactiva L3 (Q3)","var",-1120.148571119992,-4359.4717,0,"2025-04-17T10:49:26.786Z",-324.3945
"Medidor 3 - ICAS","Potencia reactiva L3 (Q3)","var",-1120.148571119992,-4359.4717,0,"2025-04-17T10:50:26.864Z",-323.194
"Medidor 3 - ICAS","Potencia reactiva L3 (Q3)","var",-1120.148571119992,-4359.4717,0,"2025-04-17T10:51:26.928Z",-317.262
"Medidor 3 - ICAS","Potencia reactiva L3 (Q3)","var",-1120.148571119992,-4359.4717,0,"2025-04-17T10:52:27.025Z",-321.8521
"Medidor 3 - ICAS","Potencia reactiva L3 (Q3)","var",-1120.148571119992,-4359.4717,0,"2025-04-17T10:53:27.102Z",-310.622
"Medidor 3 - ICAS","Potencia reactiva L3 (Q3)","var",-1120.148571119992,-4359.4717,0,"2025-04-17T10:54:27.148Z",-318.8459
"Medidor 3 - ICAS","Potencia reactiva L3 (Q3)","var",-1120.148571119992,-4359.4717,0,"2025-04-17T10:55:27.293Z",-326.0362
"Medidor 3 - ICAS","Potencia reactiva L3 (Q3)","var",-1120.148571119992,-4359.4717,0,"2025-04-17T10:56:27.358Z",-320.3331
"Medidor 3 - ICAS","Potencia reactiva L3 (Q3)","var",-1120.148571119992,-4359.4717,0,"2025-04-17T10:57:27.470Z",-319.7144
"Medidor 3 - ICAS","Potencia reactiva L3 (Q3)","var",-1120.148571119992,-4359.4717,0,"2025-04-17T10:58:27.540Z",-319.3715
"Medidor 3 - ICAS","Potencia reactiva L3 (Q3)","var",-1120.148571119992,-4359.4717,0,"2025-04-17T10:59:27.639Z",-311.3524
"Medidor 3 - ICAS","Potencia reactiva L3 (Q3)","var",-1120.148571119992,-4359.4717,0,"2025-04-17T11:00:27.673Z",-311.0504
"Medidor 3 - ICAS","Potencia reactiva L3 (Q3)","var",-1120.148571119992,-4359.4717,0,"2025-04-17T11:01:27.831Z",-317.2396
"Medidor 3 - ICAS","Potencia reactiva L3 (Q3)","var",-1120.148571119992,-4359.4717,0,"2025-04-17T11:02:27.861Z",-319.9196
"Medidor 3 - ICAS","Potencia reactiva L3 (Q3)","var",-1120.148571119992,-4359.4717,0,"2025-04-17T11:03:27.954Z",-321.9336
"Medidor 3 - ICAS","Potencia reactiva L3 (Q3)","var",-1120.148571119992,-4359.4717,0,"2025-04-17T11:04:28.032Z",-318.1483
"Medidor 3 - ICAS","Potencia reactiva L3 (Q3)","var",-1120.148571119992,-4359.4717,0,"2025-04-17T11:05:28.136Z",-308.6073
"Medidor 3 - ICAS","Potencia reactiva L3 (Q3)","var",-1120.148571119992,-4359.4717,0,"2025-04-17T11:06:28.204Z",-308.6654
"Medidor 3 - ICAS","Potencia reactiva L3 (Q3)","var",-1120.148571119992,-4359.4717,0,"2025-04-17T11:07:28.304Z",-331.8096
"Medidor 3 - ICAS","Potencia reactiva L3 (Q3)","var",-1120.148571119992,-4359.4717,0,"2025-04-17T11:08:28.408Z",-328.7023
"Medidor 3 - ICAS","Potencia reactiva L3 (Q3)","var",-1120.148571119992,-4359.4717,0,"2025-04-17T11:09:28.450Z",-328.2429
"Medidor 3 - ICAS","Potencia reactiva L3 (Q3)","var",-1120.148571119992,-4359.4717,0,"2025-04-17T11:10:28.504Z",-320.0934
"Medidor 3 - ICAS","Potencia reactiva L3 (Q3)","var",-1120.148571119992,-4359.4717,0,"2025-04-17T11:11:28.582Z",-311.7736
"Medidor 3 - ICAS","Potencia reactiva L3 (Q3)","var",-1120.148571119992,-4359.4717,0,"2025-04-17T11:12:28.669Z",-311.6384
"Medidor 3 - ICAS","Potencia reactiva L3 (Q3)","var",-1120.148571119992,-4359.4717,0,"2025-04-17T11:13:28.788Z",-326.4693
"Medidor 3 - ICAS","Potencia reactiva L3 (Q3)","var",-1120.148571119992,-4359.4717,0,"2025-04-17T11:14:28.905Z",-324.2803
"Medidor 3 - ICAS","Potencia reactiva L3 (Q3)","var",-1120.148571119992,-4359.4717,0,"2025-04-17T11:15:28.986Z",-323.6818
"Medidor 3 - ICAS","Potencia reactiva L3 (Q3)","var",-1120.148571119992,-4359.4717,0,"2025-04-17T11:16:29.092Z",-322.4409
"Medidor 3 - ICAS","Potencia reactiva L3 (Q3)","var",-1120.148571119992,-4359.4717,0,"2025-04-17T11:17:29.128Z",-312.2559
"Medidor 3 - ICAS","Potencia reactiva L3 (Q3)","var",-1120.148571119992,-4359.4717,0,"2025-04-17T11:18:29.196Z",-309.589
"Medidor 3 - ICAS","Potencia reactiva L3 (Q3)","var",-1120.148571119992,-4359.4717,0,"2025-04-17T11:19:29.286Z",-316.9684
"Medidor 3 - ICAS","Potencia reactiva L3 (Q3)","var",-1120.148571119992,-4359.4717,0,"2025-04-17T11:20:29.373Z",-327.1424
"Medidor 3 - ICAS","Potencia reactiva L3 (Q3)","var",-1120.148571119992,-4359.4717,0,"2025-04-17T11:21:29.455Z",-325.274
"Medidor 3 - ICAS","Potencia reactiva L3 (Q3)","var",-1120.148571119992,-4359.4717,0,"2025-04-17T11:22:29.567Z",-314.8383
"Medidor 3 - ICAS","Potencia reactiva L3 (Q3)","var",-1120.148571119992,-4359.4717,0,"2025-04-17T11:23:29.647Z",-303.6065
"Medidor 3 - ICAS","Potencia reactiva L3 (Q3)","var",-1120.148571119992,-4359.4717,0,"2025-04-17T11:24:29.754Z",-308.1994
"Medidor 3 - ICAS","Potencia reactiva L3 (Q3)","var",-1120.148571119992,-4359.4717,0,"2025-04-17T11:25:29.814Z",-320.5952
"Medidor 3 - ICAS","Potencia reactiva L3 (Q3)","var",-1120.148571119992,-4359.4717,0,"2025-04-17T11:26:29.925Z",-324.3757
"Medidor 3 - ICAS","Potencia reactiva L3 (Q3)","var",-1120.148571119992,-4359.4717,0,"2025-04-17T11:27:30.040Z",-321.135
"Medidor 3 - ICAS","Potencia reactiva L3 (Q3)","var",-1120.148571119992,-4359.4717,0,"2025-04-17T11:28:30.109Z",-323.39
"Medidor 3 - ICAS","Potencia reactiva L3 (Q3)","var",-1120.148571119992,-4359.4717,0,"2025-04-17T11:29:30.198Z",-312.7849
"Medidor 3 - ICAS","Potencia reactiva L3 (Q3)","var",-1120.148571119992,-4359.4717,0,"2025-04-17T11:30:30.280Z",-316.008
"Medidor 3 - ICAS","Potencia reactiva L3 (Q3)","var",-1120.148571119992,-4359.4717,0,"2025-04-17T11:31:30.375Z",-327.66
"Medidor 3 - ICAS","Potencia reactiva L3 (Q3)","var",-1120.148571119992,-4359.4717,0,"2025-04-17T11:32:30.472Z",-325.0459
"Medidor 3 - ICAS","Potencia reactiva L3 (Q3)","var",-1120.148571119992,-4359.4717,0,"2025-04-17T11:33:30.571Z",-327.6211
"Medidor 3 - ICAS","Potencia reactiva L3 (Q3)","var",-1120.148571119992,-4359.4717,0,"2025-04-17T11:34:30.662Z",-323.9749
"Medidor 3 - ICAS","Potencia reactiva L3 (Q3)","var",-1120.148571119992,-4359.4717,0,"2025-04-17T11:35:30.769Z",-328.4416
"Medidor 3 - ICAS","Potencia reactiva L3 (Q3)","var",-1120.148571119992,-4359.4717,0,"2025-04-17T11:36:30.880Z",-322.7081
"Medidor 3 - ICAS","Potencia reactiva L3 (Q3)","var",-1120.148571119992,-4359.4717,0,"2025-04-17T11:37:30.944Z",-324.4671
"Medidor 3 - ICAS","Potencia reactiva L3 (Q3)","var",-1120.148571119992,-4359.4717,0,"2025-04-17T11:38:31.053Z",-332.1514
"Medidor 3 - ICAS","Potencia reactiva L3 (Q3)","var",-1120.148571119992,-4359.4717,0,"2025-04-17T11:39:31.148Z",-332.4113
"Medidor 3 - ICAS","Potencia reactiva L3 (Q3)","var",-1120.148571119992,-4359.4717,0,"2025-04-17T11:40:31.192Z",-337.4966
"Medidor 3 - ICAS","Potencia reactiva L3 (Q3)","var",-1120.148571119992,-4359.4717,0,"2025-04-17T11:41:31.297Z",-337.6646
"Medidor 3 - ICAS","Potencia reactiva L3 (Q3)","var",-1120.148571119992,-4359.4717,0,"2025-04-17T11:42:31.425Z",-321.6848
"Medidor 3 - ICAS","Potencia reactiva L3 (Q3)","var",-1120.148571119992,-4359.4717,0,"2025-04-17T11:43:31.505Z",-318.2054
"Medidor 3 - ICAS","Potencia reactiva L3 (Q3)","var",-1120.148571119992,-4359.4717,0,"2025-04-17T11:44:31.644Z",-324.6538
"Medidor 3 - ICAS","Potencia reactiva L3 (Q3)","var",-1120.148571119992,-4359.4717,0,"2025-04-17T11:45:31.697Z",-322.8729
"Medidor 3 - ICAS","Potencia reactiva L3 (Q3)","var",-1120.148571119992,-4359.4717,0,"2025-04-17T11:46:31.785Z",-319.1683
"Medidor 3 - ICAS","Potencia reactiva L3 (Q3)","var",-1120.148571119992,-4359.4717,0,"2025-04-17T11:47:31.856Z",-318.0004
"Medidor 3 - ICAS","Potencia reactiva L3 (Q3)","var",-1120.148571119992,-4359.4717,0,"2025-04-17T11:48:31.932Z",-412.1397
"Medidor 3 - ICAS","Potencia reactiva L3 (Q3)","var",-1120.148571119992,-4359.4717,0,"2025-04-17T11:49:32.022Z",-419.5826
"Medidor 3 - ICAS","Potencia reactiva L3 (Q3)","var",-1120.148571119992,-4359.4717,0,"2025-04-17T11:50:32.112Z",-550.7526
"Medidor 3 - ICAS","Potencia reactiva L3 (Q3)","var",-1120.148571119992,-4359.4717,0,"2025-04-17T11:51:32.214Z",-551.67
"Medidor 3 - ICAS","Potencia reactiva L3 (Q3)","var",-1120.148571119992,-4359.4717,0,"2025-04-17T11:52:32.301Z",-561.2267
"Medidor 3 - ICAS","Potencia reactiva L3 (Q3)","var",-1120.148571119992,-4359.4717,0,"2025-04-17T11:53:32.369Z",-555.4832
"Medidor 3 - ICAS","Potencia reactiva L3 (Q3)","var",-1120.148571119992,-4359.4717,0,"2025-04-17T11:54:32.487Z",-549.5502
"Medidor 3 - ICAS","Potencia reactiva L3 (Q3)","var",-1120.148571119992,-4359.4717,0,"2025-04-17T11:55:32.618Z",-549.7825
"Medidor 3 - ICAS","Potencia reactiva L3 (Q3)","var",-1120.148571119992,-4359.4717,0,"2025-04-17T11:56:32.693Z",-543.5419
"Medidor 3 - ICAS","Potencia reactiva L3 (Q3)","var",-1120.148571119992,-4359.4717,0,"2025-04-17T11:57:32.734Z",-559.4808
"Medidor 3 - ICAS","Potencia reactiva L3 (Q3)","var",-1120.148571119992,-4359.4717,0,"2025-04-17T11:58:32.809Z",-555.9075
"Medidor 3 - ICAS","Potencia reactiva L3 (Q3)","var",-1120.148571119992,-4359.4717,0,"2025-04-17T11:59:32.895Z",-548.6013
"Medidor 3 - ICAS","Potencia reactiva L3 (Q3)","var",-1120.148571119992,-4359.4717,0,"2025-04-17T12:00:33.021Z",-563.6578
"Medidor 3 - ICAS","Potencia reactiva L3 (Q3)","var",-1120.148571119992,-4359.4717,0,"2025-04-17T12:01:33.088Z",-544.5588
"Medidor 3 - ICAS","Potencia reactiva L3 (Q3)","var",-1120.148571119992,-4359.4717,0,"2025-04-17T12:02:33.215Z",-558.7446
"Medidor 3 - ICAS","Potencia reactiva L3 (Q3)","var",-1120.148571119992,-4359.4717,0,"2025-04-17T12:03:33.329Z",-570.0311
"Medidor 3 - ICAS","Potencia reactiva L3 (Q3)","var",-1120.148571119992,-4359.4717,0,"2025-04-17T12:04:33.383Z",-571.3352
"Medidor 3 - ICAS","Potencia reactiva L3 (Q3)","var",-1120.148571119992,-4359.4717,0,"2025-04-17T12:05:33.507Z",-584.9104
"Medidor 3 - ICAS","Potencia reactiva L3 (Q3)","var",-1120.148571119992,-4359.4717,0,"2025-04-17T12:06:33.581Z",-575.6629
"Medidor 3 - ICAS","Potencia reactiva L3 (Q3)","var",-1120.148571119992,-4359.4717,0,"2025-04-17T12:07:33.612Z",-557.0725
"Medidor 3 - ICAS","Potencia reactiva L3 (Q3)","var",-1120.148571119992,-4359.4717,0,"2025-04-17T12:08:33.664Z",-558.9456
"Medidor 3 - ICAS","Potencia reactiva L3 (Q3)","var",-1120.148571119992,-4359.4717,0,"2025-04-17T12:09:33.779Z",-567.1639
"Medidor 3 - ICAS","Potencia reactiva L3 (Q3)","var",-1120.148571119992,-4359.4717,0,"2025-04-17T12:10:33.890Z",-575.4352
"Medidor 3 - ICAS","Potencia reactiva L3 (Q3)","var",-1120.148571119992,-4359.4717,0,"2025-04-17T12:11:33.965Z",-572.8359
"Medidor 3 - ICAS","Potencia reactiva L3 (Q3)","var",-1120.148571119992,-4359.4717,0,"2025-04-17T12:12:34.073Z",-570.6415
"Medidor 3 - ICAS","Potencia reactiva L3 (Q3)","var",-1120.148571119992,-4359.4717,0,"2025-04-17T12:13:34.141Z",-579.2173
"Medidor 3 - ICAS","Potencia reactiva L3 (Q3)","var",-1120.148571119992,-4359.4717,0,"2025-04-17T12:14:34.265Z",-586.4451
"Medidor 3 - ICAS","Potencia reactiva L3 (Q3)","var",-1120.148571119992,-4359.4717,0,"2025-04-17T12:15:34.366Z",-588.9266
"Medidor 3 - ICAS","Potencia reactiva L3 (Q3)","var",-1120.148571119992,-4359.4717,0,"2025-04-17T12:16:34.499Z",-589.4064
"Medidor 3 - ICAS","Potencia reactiva L3 (Q3)","var",-1120.148571119992,-4359.4717,0,"2025-04-17T12:17:34.549Z",-595.8337
"Medidor 3 - ICAS","Potencia reactiva L3 (Q3)","var",-1120.148571119992,-4359.4717,0,"2025-04-17T12:18:34.639Z",-577.4534
"Medidor 3 - ICAS","Potencia reactiva L3 (Q3)","var",-1120.148571119992,-4359.4717,0,"2025-04-17T12:19:34.696Z",-577.4678
"Medidor 3 - ICAS","Potencia reactiva L3 (Q3)","var",-1120.148571119992,-4359.4717,0,"2025-04-17T12:20:34.814Z",-581.9783
"Medidor 3 - ICAS","Potencia reactiva L3 (Q3)","var",-1120.148571119992,-4359.4717,0,"2025-04-17T12:21:34.900Z",-585.1638
"Medidor 3 - ICAS","Potencia reactiva L3 (Q3)","var",-1120.148571119992,-4359.4717,0,"2025-04-17T12:22:35.007Z",-578.9204
"Medidor 3 - ICAS","Potencia reactiva L3 (Q3)","var",-1120.148571119992,-4359.4717,0,"2025-04-17T12:23:35.069Z",-607.2637
"Medidor 3 - ICAS","Potencia reactiva L3 (Q3)","var",-1120.148571119992,-4359.4717,0,"2025-04-17T12:24:35.170Z",-610.6393
"Medidor 3 - ICAS","Potencia reactiva L3 (Q3)","var",-1120.148571119992,-4359.4717,0,"2025-04-17T12:25:35.267Z",-626.0056
"Medidor 3 - ICAS","Potencia reactiva L3 (Q3)","var",-1120.148571119992,-4359.4717,0,"2025-04-17T12:26:35.339Z",-624.2658
"Medidor 3 - ICAS","Potencia reactiva L3 (Q3)","var",-1120.148571119992,-4359.4717,0,"2025-04-17T12:27:35.472Z",-660.9955
"Medidor 3 - ICAS","Potencia reactiva L3 (Q3)","var",-1120.148571119992,-4359.4717,0,"2025-04-17T12:28:35.542Z",-651.0601
"Medidor 3 - ICAS","Potencia reactiva L3 (Q3)","var",-1120.148571119992,-4359.4717,0,"2025-04-17T12:29:35.611Z",-643.5699
"Medidor 3 - ICAS","Potencia reactiva L3 (Q3)","var",-1120.148571119992,-4359.4717,0,"2025-04-17T12:30:35.681Z",-668.7783
"Medidor 3 - ICAS","Potencia reactiva L3 (Q3)","var",-1120.148571119992,-4359.4717,0,"2025-04-17T12:31:35.760Z",-665.4155
"Medidor 3 - ICAS","Potencia reactiva L3 (Q3)","var",-1120.148571119992,-4359.4717,0,"2025-04-17T12:32:35.866Z",-653.8431
"Medidor 3 - ICAS","Potencia reactiva L3 (Q3)","var",-1120.148571119992,-4359.4717,0,"2025-04-17T12:33:35.989Z",-630.5539
"Medidor 3 - ICAS","Potencia reactiva L3 (Q3)","var",-1120.148571119992,-4359.4717,0,"2025-04-17T12:34:36.021Z",-659.2585
"Medidor 3 - ICAS","Potencia reactiva L3 (Q3)","var",-1120.148571119992,-4359.4717,0,"2025-04-17T12:35:36.078Z",-678.6736
"Medidor 3 - ICAS","Potencia reactiva L3 (Q3)","var",-1120.148571119992,-4359.4717,0,"2025-04-17T12:36:36.144Z",-717.5443
"Medidor 3 - ICAS","Potencia reactiva L3 (Q3)","var",-1120.148571119992,-4359.4717,0,"2025-04-17T12:37:36.282Z",-679.979
"Medidor 3 - ICAS","Potencia reactiva L3 (Q3)","var",-1120.148571119992,-4359.4717,0,"2025-04-17T12:38:36.378Z",-723.8022
"Medidor 3 - ICAS","Potencia reactiva L3 (Q3)","var",-1120.148571119992,-4359.4717,0,"2025-04-17T12:39:36.459Z",-722.2787
"Medidor 3 - ICAS","Potencia reactiva L3 (Q3)","var",-1120.148571119992,-4359.4717,0,"2025-04-17T12:40:36.580Z",-716.1652
"Medidor 3 - ICAS","Potencia reactiva L3 (Q3)","var",-1120.148571119992,-4359.4717,0,"2025-04-17T12:41:36.606Z",-702.7384
"Medidor 3 - ICAS","Potencia reactiva L3 (Q3)","var",-1120.148571119992,-4359.4717,0,"2025-04-17T12:42:36.733Z",-689.4451
"Medidor 3 - ICAS","Potencia reactiva L3 (Q3)","var",-1120.148571119992,-4359.4717,0,"2025-04-17T12:43:36.743Z",-736.1465
"Medidor 3 - ICAS","Potencia reactiva L3 (Q3)","var",-1120.148571119992,-4359.4717,0,"2025-04-17T12:44:36.835Z",-736.5753
"Medidor 3 - ICAS","Potencia reactiva L3 (Q3)","var",-1120.148571119992,-4359.4717,0,"2025-04-17T12:45:36.922Z",-747.9455
"Medidor 3 - ICAS","Potencia reactiva L3 (Q3)","var",-1120.148571119992,-4359.4717,0,"2025-04-17T12:46:37.014Z",-779.8698
"Medidor 3 - ICAS","Potencia reactiva L3 (Q3)","var",-1120.148571119992,-4359.4717,0,"2025-04-17T12:47:37.125Z",-732.3455
"Medidor 3 - ICAS","Potencia reactiva L3 (Q3)","var",-1120.148571119992,-4359.4717,0,"2025-04-17T12:48:37.248Z",-756.687
"Medidor 3 - ICAS","Potencia reactiva L3 (Q3)","var",-1120.148571119992,-4359.4717,0,"2025-04-17T12:49:37.359Z",-786.2861
"Medidor 3 - ICAS","Potencia reactiva L3 (Q3)","var",-1120.148571119992,-4359.4717,0,"2025-04-17T12:50:37.435Z",-786.4304
"Medidor 3 - ICAS","Potencia reactiva L3 (Q3)","var",-1120.148571119992,-4359.4717,0,"2025-04-17T12:51:37.509Z",-859.8284
"Medidor 3 - ICAS","Potencia reactiva L3 (Q3)","var",-1120.148571119992,-4359.4717,0,"2025-04-17T12:52:37.669Z",-868.7949
"Medidor 3 - ICAS","Potencia reactiva L3 (Q3)","var",-1120.148571119992,-4359.4717,0,"2025-04-17T12:53:37.725Z",-814.1074
"Medidor 3 - ICAS","Potencia reactiva L3 (Q3)","var",-1120.148571119992,-4359.4717,0,"2025-04-17T12:54:37.808Z",-876.5095
"Medidor 3 - ICAS","Potencia reactiva L3 (Q3)","var",-1120.148571119992,-4359.4717,0,"2025-04-17T12:55:37.935Z",-891.0045
"Medidor 3 - ICAS","Potencia reactiva L3 (Q3)","var",-1120.148571119992,-4359.4717,0,"2025-04-17T12:56:38.004Z",-924.6447
"Medidor 3 - ICAS","Potencia reactiva L3 (Q3)","var",-1120.148571119992,-4359.4717,0,"2025-04-17T12:57:38.207Z",-901.5452
"Medidor 3 - ICAS","Potencia reactiva L3 (Q3)","var",-1120.148571119992,-4359.4717,0,"2025-04-17T12:58:38.252Z",-955.7844
"Medidor 3 - ICAS","Potencia reactiva L3 (Q3)","var",-1120.148571119992,-4359.4717,0,"2025-04-17T12:59:38.276Z",-955.776
"Medidor 3 - ICAS","Potencia reactiva L3 (Q3)","var",-1120.148571119992,-4359.4717,0,"2025-04-17T13:00:38.398Z",-1028.9253
"Medidor 3 - ICAS","Potencia reactiva L3 (Q3)","var",-1120.148571119992,-4359.4717,0,"2025-04-17T13:01:38.500Z",-953.4659
"Medidor 3 - ICAS","Potencia reactiva L3 (Q3)","var",-1120.148571119992,-4359.4717,0,"2025-04-17T13:02:38.600Z",-1004.7021
"Medidor 3 - ICAS","Potencia reactiva L3 (Q3)","var",-1120.148571119992,-4359.4717,0,"2025-04-17T13:03:38.637Z",-948.7098
"Medidor 3 - ICAS","Potencia reactiva L3 (Q3)","var",-1120.148571119992,-4359.4717,0,"2025-04-17T13:04:38.783Z",-935.9512
"Medidor 3 - ICAS","Potencia reactiva L3 (Q3)","var",-1120.148571119992,-4359.4717,0,"2025-04-17T13:05:38.846Z",-987.6376
"Medidor 3 - ICAS","Potencia reactiva L3 (Q3)","var",-1120.148571119992,-4359.4717,0,"2025-04-17T13:06:38.904Z",-981.8543
"Medidor 3 - ICAS","Potencia reactiva L3 (Q3)","var",-1120.148571119992,-4359.4717,0,"2025-04-17T13:07:39.038Z",-1028.9952
"Medidor 3 - ICAS","Potencia reactiva L3 (Q3)","var",-1120.148571119992,-4359.4717,0,"2025-04-17T13:08:39.141Z",-1035.1219
"Medidor 3 - ICAS","Potencia reactiva L3 (Q3)","var",-1120.148571119992,-4359.4717,0,"2025-04-17T13:09:39.208Z",-1017.4197
"Medidor 3 - ICAS","Potencia reactiva L3 (Q3)","var",-1120.148571119992,-4359.4717,0,"2025-04-17T13:10:39.281Z",-1104.6296
"Medidor 3 - ICAS","Potencia reactiva L3 (Q3)","var",-1120.148571119992,-4359.4717,0,"2025-04-17T13:11:39.357Z",-1057.9194
"Medidor 3 - ICAS","Potencia reactiva L3 (Q3)","var",-1120.148571119992,-4359.4717,0,"2025-04-17T13:12:39.447Z",-1059.2788
"Medidor 3 - ICAS","Potencia reactiva L3 (Q3)","var",-1120.148571119992,-4359.4717,0,"2025-04-17T13:13:39.542Z",-1156.4647
"Medidor 3 - ICAS","Potencia reactiva L3 (Q3)","var",-1120.148571119992,-4359.4717,0,"2025-04-17T13:14:39.635Z",-1077.2097
"Medidor 3 - ICAS","Potencia reactiva L3 (Q3)","var",-1120.148571119992,-4359.4717,0,"2025-04-17T13:15:39.712Z",-1212.8582
"Medidor 3 - ICAS","Potencia reactiva L3 (Q3)","var",-1120.148571119992,-4359.4717,0,"2025-04-17T13:16:39.809Z",-1140.7966
"Medidor 3 - ICAS","Potencia reactiva L3 (Q3)","var",-1120.148571119992,-4359.4717,0,"2025-04-17T13:17:39.885Z",-1147.3528
"Medidor 3 - ICAS","Potencia reactiva L3 (Q3)","var",-1120.148571119992,-4359.4717,0,"2025-04-17T13:18:40.053Z",-1155.4513
"Medidor 3 - ICAS","Potencia reactiva L3 (Q3)","var",-1120.148571119992,-4359.4717,0,"2025-04-17T13:19:40.136Z",-1165.8169
"Medidor 3 - ICAS","Potencia reactiva L3 (Q3)","var",-1120.148571119992,-4359.4717,0,"2025-04-17T13:20:40.223Z",-1208.5546
"Medidor 3 - ICAS","Potencia reactiva L3 (Q3)","var",-1120.148571119992,-4359.4717,0,"2025-04-17T13:21:40.304Z",-1111.7906
"Medidor 3 - ICAS","Potencia reactiva L3 (Q3)","var",-1120.148571119992,-4359.4717,0,"2025-04-17T13:22:40.414Z",-1198.0706
"Medidor 3 - ICAS","Potencia reactiva L3 (Q3)","var",-1120.148571119992,-4359.4717,0,"2025-04-17T13:23:40.497Z",-1271.6226
"Medidor 3 - ICAS","Potencia reactiva L3 (Q3)","var",-1120.148571119992,-4359.4717,0,"2025-04-17T13:24:40.595Z",-1311.6583
"Medidor 3 - ICAS","Potencia reactiva L3 (Q3)","var",-1120.148571119992,-4359.4717,0,"2025-04-17T13:25:40.641Z",-1322.9413
"Medidor 3 - ICAS","Potencia reactiva L3 (Q3)","var",-1120.148571119992,-4359.4717,0,"2025-04-17T13:26:40.674Z",-1285.3052
"Medidor 3 - ICAS","Potencia reactiva L3 (Q3)","var",-1120.148571119992,-4359.4717,0,"2025-04-17T13:27:40.750Z",-1285.578
"Medidor 3 - ICAS","Potencia reactiva L3 (Q3)","var",-1120.148571119992,-4359.4717,0,"2025-04-17T13:28:40.877Z",-1307.8179
"Medidor 3 - ICAS","Potencia reactiva L3 (Q3)","var",-1120.148571119992,-4359.4717,0,"2025-04-17T13:29:40.963Z",-1361.3197
"Medidor 3 - ICAS","Potencia reactiva L3 (Q3)","var",-1120.148571119992,-4359.4717,0,"2025-04-17T13:30:41.076Z",-1360.714
"Medidor 3 - ICAS","Potencia reactiva L3 (Q3)","var",-1120.148571119992,-4359.4717,0,"2025-04-17T13:31:41.156Z",-1317.276
"Medidor 3 - ICAS","Potencia reactiva L3 (Q3)","var",-1120.148571119992,-4359.4717,0,"2025-04-17T13:32:41.233Z",-1310.7433
"Medidor 3 - ICAS","Potencia reactiva L3 (Q3)","var",-1120.148571119992,-4359.4717,0,"2025-04-17T13:33:41.330Z",-1394.4514
"Medidor 3 - ICAS","Potencia reactiva L3 (Q3)","var",-1120.148571119992,-4359.4717,0,"2025-04-17T13:34:41.427Z",-1409.3065
"Medidor 3 - ICAS","Potencia reactiva L3 (Q3)","var",-1120.148571119992,-4359.4717,0,"2025-04-17T13:35:41.537Z",-1486.963
"Medidor 3 - ICAS","Potencia reactiva L3 (Q3)","var",-1120.148571119992,-4359.4717,0,"2025-04-17T13:36:41.630Z",-1416.6278
"Medidor 3 - ICAS","Potencia reactiva L3 (Q3)","var",-1120.148571119992,-4359.4717,0,"2025-04-17T13:37:41.687Z",-1473.9429
"Medidor 3 - ICAS","Potencia reactiva L3 (Q3)","var",-1120.148571119992,-4359.4717,0,"2025-04-17T13:38:41.775Z",-1533.0592
"Medidor 3 - ICAS","Potencia reactiva L3 (Q3)","var",-1120.148571119992,-4359.4717,0,"2025-04-17T13:39:41.882Z",-1541.7296
"Medidor 3 - ICAS","Potencia reactiva L3 (Q3)","var",-1120.148571119992,-4359.4717,0,"2025-04-17T13:40:41.981Z",-1578.9714
"Medidor 3 - ICAS","Potencia reactiva L3 (Q3)","var",-1120.148571119992,-4359.4717,0,"2025-04-17T13:41:42.096Z",-1497.7305
"Medidor 3 - ICAS","Potencia reactiva L3 (Q3)","var",-1120.148571119992,-4359.4717,0,"2025-04-17T13:42:42.185Z",-1533.3905
"Medidor 3 - ICAS","Potencia reactiva L3 (Q3)","var",-1120.148571119992,-4359.4717,0,"2025-04-17T13:43:42.306Z",-1472.171
"Medidor 3 - ICAS","Potencia reactiva L3 (Q3)","var",-1120.148571119992,-4359.4717,0,"2025-04-17T13:44:42.379Z",-1430.2087
"Medidor 3 - ICAS","Potencia reactiva L3 (Q3)","var",-1120.148571119992,-4359.4717,0,"2025-04-17T13:45:42.472Z",-1485.3113
"Medidor 3 - ICAS","Potencia reactiva L3 (Q3)","var",-1120.148571119992,-4359.4717,0,"2025-04-17T13:46:42.576Z",-1535.3468
"Medidor 3 - ICAS","Potencia reactiva L3 (Q3)","var",-1120.148571119992,-4359.4717,0,"2025-04-17T13:47:42.662Z",-1592.9324
"Medidor 3 - ICAS","Potencia reactiva L3 (Q3)","var",-1120.148571119992,-4359.4717,0,"2025-04-17T13:48:42.747Z",-1502.3351
"Medidor 3 - ICAS","Potencia reactiva L3 (Q3)","var",-1120.148571119992,-4359.4717,0,"2025-04-17T13:49:42.860Z",-1443.1765
"Medidor 3 - ICAS","Potencia reactiva L3 (Q3)","var",-1120.148571119992,-4359.4717,0,"2025-04-17T13:50:42.930Z",-1517.1021
"Medidor 3 - ICAS","Potencia reactiva L3 (Q3)","var",-1120.148571119992,-4359.4717,0,"2025-04-17T13:51:43.046Z",-1549.4204
"Medidor 3 - ICAS","Potencia reactiva L3 (Q3)","var",-1120.148571119992,-4359.4717,0,"2025-04-17T13:52:43.160Z",-1599.252
"Medidor 3 - ICAS","Potencia reactiva L3 (Q3)","var",-1120.148571119992,-4359.4717,0,"2025-04-17T13:53:43.266Z",-1500.4833
"Medidor 3 - ICAS","Potencia reactiva L3 (Q3)","var",-1120.148571119992,-4359.4717,0,"2025-04-17T13:54:43.411Z",-1597.5909
"Medidor 3 - ICAS","Potencia reactiva L3 (Q3)","var",-1120.148571119992,-4359.4717,0,"2025-04-17T13:55:43.491Z",-1554.6829
"Medidor 3 - ICAS","Potencia reactiva L3 (Q3)","var",-1120.148571119992,-4359.4717,0,"2025-04-17T13:56:43.572Z",-1668.5229
"Medidor 3 - ICAS","Potencia reactiva L3 (Q3)","var",-1120.148571119992,-4359.4717,0,"2025-04-17T13:57:43.664Z",-1602.7296
"Medidor 3 - ICAS","Potencia reactiva L3 (Q3)","var",-1120.148571119992,-4359.4717,0,"2025-04-17T13:58:43.724Z",-1608.219
"Medidor 3 - ICAS","Potencia reactiva L3 (Q3)","var",-1120.148571119992,-4359.4717,0,"2025-04-17T13:59:43.866Z",-1695.5214
"Medidor 3 - ICAS","Potencia reactiva L3 (Q3)","var",-1120.148571119992,-4359.4717,0,"2025-04-17T14:00:43.919Z",-1877.8087
"Medidor 3 - ICAS","Potencia reactiva L3 (Q3)","var",-1120.148571119992,-4359.4717,0,"2025-04-17T14:01:44.007Z",-1673.5
"Medidor 3 - ICAS","Potencia reactiva L3 (Q3)","var",-1120.148571119992,-4359.4717,0,"2025-04-17T14:02:44.057Z",-1831.5742
"Medidor 3 - ICAS","Potencia reactiva L3 (Q3)","var",-1120.148571119992,-4359.4717,0,"2025-04-17T14:03:44.161Z",-1679.5042
"Medidor 3 - ICAS","Potencia reactiva L3 (Q3)","var",-1120.148571119992,-4359.4717,0,"2025-04-17T14:04:44.274Z",-1925.6118
"Medidor 3 - ICAS","Potencia reactiva L3 (Q3)","var",-1120.148571119992,-4359.4717,0,"2025-04-17T14:05:44.383Z",-1700.5869
"Medidor 3 - ICAS","Potencia reactiva L3 (Q3)","var",-1120.148571119992,-4359.4717,0,"2025-04-17T14:06:44.484Z",-1742.6434
"Medidor 3 - ICAS","Potencia reactiva L3 (Q3)","var",-1120.148571119992,-4359.4717,0,"2025-04-17T14:07:44.592Z",-1762.6321
"Medidor 3 - ICAS","Potencia reactiva L3 (Q3)","var",-1120.148571119992,-4359.4717,0,"2025-04-17T14:08:44.684Z",-1886.562
"Medidor 3 - ICAS","Potencia reactiva L3 (Q3)","var",-1120.148571119992,-4359.4717,0,"2025-04-17T14:09:44.770Z",-1831.2439
"Medidor 3 - ICAS","Potencia reactiva L3 (Q3)","var",-1120.148571119992,-4359.4717,0,"2025-04-17T14:10:44.872Z",-1760.6615
"Medidor 3 - ICAS","Potencia reactiva L3 (Q3)","var",-1120.148571119992,-4359.4717,0,"2025-04-17T14:11:44.988Z",-1805.5464
"Medidor 3 - ICAS","Potencia reactiva L3 (Q3)","var",-1120.148571119992,-4359.4717,0,"2025-04-17T14:12:45.047Z",-1889.0374
"Medidor 3 - ICAS","Potencia reactiva L3 (Q3)","var",-1120.148571119992,-4359.4717,0,"2025-04-17T14:13:45.135Z",-1845.0691
"Medidor 3 - ICAS","Potencia reactiva L3 (Q3)","var",-1120.148571119992,-4359.4717,0,"2025-04-17T14:14:45.207Z",-1936.624
"Medidor 3 - ICAS","Potencia reactiva L3 (Q3)","var",-1120.148571119992,-4359.4717,0,"2025-04-17T14:15:45.373Z",-2078.4543
"Medidor 3 - ICAS","Potencia reactiva L3 (Q3)","var",-1120.148571119992,-4359.4717,0,"2025-04-17T14:16:45.453Z",-2001.1975
"Medidor 3 - ICAS","Potencia reactiva L3 (Q3)","var",-1120.148571119992,-4359.4717,0,"2025-04-17T14:17:45.454Z",-1798.1183
"Medidor 3 - ICAS","Potencia reactiva L3 (Q3)","var",-1120.148571119992,-4359.4717,0,"2025-04-17T14:18:45.566Z",-2101.5234
"Medidor 3 - ICAS","Potencia reactiva L3 (Q3)","var",-1120.148571119992,-4359.4717,0,"2025-04-17T14:19:45.673Z",-1937.8383
"Medidor 3 - ICAS","Potencia reactiva L3 (Q3)","var",-1120.148571119992,-4359.4717,0,"2025-04-17T14:20:45.740Z",-2047.5475
"Medidor 3 - ICAS","Potencia reactiva L3 (Q3)","var",-1120.148571119992,-4359.4717,0,"2025-04-17T14:21:45.899Z",-1967.0901
"Medidor 3 - ICAS","Potencia reactiva L3 (Q3)","var",-1120.148571119992,-4359.4717,0,"2025-04-17T14:22:45.964Z",-2022.7318
"Medidor 3 - ICAS","Potencia reactiva L3 (Q3)","var",-1120.148571119992,-4359.4717,0,"2025-04-17T14:23:46.059Z",-2154.7002
"Medidor 3 - ICAS","Potencia reactiva L3 (Q3)","var",-1120.148571119992,-4359.4717,0,"2025-04-17T14:24:46.105Z",-1991.2024
"Medidor 3 - ICAS","Potencia reactiva L3 (Q3)","var",-1120.148571119992,-4359.4717,0,"2025-04-17T14:25:46.168Z",-2178.8777
"Medidor 3 - ICAS","Potencia reactiva L3 (Q3)","var",-1120.148571119992,-4359.4717,0,"2025-04-17T14:26:46.275Z",-1998.5377
"Medidor 3 - ICAS","Potencia reactiva L3 (Q3)","var",-1120.148571119992,-4359.4717,0,"2025-04-17T14:27:46.404Z",-2321.4587
"Medidor 3 - ICAS","Potencia reactiva L3 (Q3)","var",-1120.148571119992,-4359.4717,0,"2025-04-17T14:28:46.513Z",-2085.4399
"Medidor 3 - ICAS","Potencia reactiva L3 (Q3)","var",-1120.148571119992,-4359.4717,0,"2025-04-17T14:29:46.609Z",-1959.9059
"Medidor 3 - ICAS","Potencia reactiva L3 (Q3)","var",-1120.148571119992,-4359.4717,0,"2025-04-17T14:30:46.721Z",-2250.4062
"Medidor 3 - ICAS","Potencia reactiva L3 (Q3)","var",-1120.148571119992,-4359.4717,0,"2025-04-17T14:31:46.829Z",-2217.5295
"Medidor 3 - ICAS","Potencia reactiva L3 (Q3)","var",-1120.148571119992,-4359.4717,0,"2025-04-17T14:32:46.914Z",-2127.9202
"Medidor 3 - ICAS","Potencia reactiva L3 (Q3)","var",-1120.148571119992,-4359.4717,0,"2025-04-17T14:33:46.947Z",-2414.6025
"Medidor 3 - ICAS","Potencia reactiva L3 (Q3)","var",-1120.148571119992,-4359.4717,0,"2025-04-17T14:34:47.034Z",-2215.3318
"Medidor 3 - ICAS","Potencia reactiva L3 (Q3)","var",-1120.148571119992,-4359.4717,0,"2025-04-17T14:35:47.096Z",-2125.1543
"Medidor 3 - ICAS","Potencia reactiva L3 (Q3)","var",-1120.148571119992,-4359.4717,0,"2025-04-17T14:36:47.168Z",-2176.7649
"Medidor 3 - ICAS","Potencia reactiva L3 (Q3)","var",-1120.148571119992,-4359.4717,0,"2025-04-17T14:37:47.237Z",-2274.6753
"Medidor 3 - ICAS","Potencia reactiva L3 (Q3)","var",-1120.148571119992,-4359.4717,0,"2025-04-17T14:38:47.262Z",-2558.0076
"Medidor 3 - ICAS","Potencia reactiva L3 (Q3)","var",-1120.148571119992,-4359.4717,0,"2025-04-17T14:39:47.370Z",-2108.5635
"Medidor 3 - ICAS","Potencia reactiva L3 (Q3)","var",-1120.148571119992,-4359.4717,0,"2025-04-17T14:40:47.478Z",-2513.7849
"Medidor 3 - ICAS","Potencia reactiva L3 (Q3)","var",-1120.148571119992,-4359.4717,0,"2025-04-17T14:41:47.563Z",-2605.0437
"Medidor 3 - ICAS","Potencia reactiva L3 (Q3)","var",-1120.148571119992,-4359.4717,0,"2025-04-17T14:42:47.664Z",-2340.6926
"Medidor 3 - ICAS","Potencia reactiva L3 (Q3)","var",-1120.148571119992,-4359.4717,0,"2025-04-17T14:43:47.802Z",-2312.3501
"Medidor 3 - ICAS","Potencia reactiva L3 (Q3)","var",-1120.148571119992,-4359.4717,0,"2025-04-17T14:44:47.858Z",-2247.0139
"Medidor 3 - ICAS","Potencia reactiva L3 (Q3)","var",-1120.148571119992,-4359.4717,0,"2025-04-17T14:45:47.998Z",-2387.95
"Medidor 3 - ICAS","Potencia reactiva L3 (Q3)","var",-1120.148571119992,-4359.4717,0,"2025-04-17T14:46:48.088Z",-2199.1167
"Medidor 3 - ICAS","Potencia reactiva L3 (Q3)","var",-1120.148571119992,-4359.4717,0,"2025-04-17T14:47:48.183Z",-2519.0793
"Medidor 3 - ICAS","Potencia reactiva L3 (Q3)","var",-1120.148571119992,-4359.4717,0,"2025-04-17T14:48:48.275Z",-2448.9849
"Medidor 3 - ICAS","Potencia reactiva L3 (Q3)","var",-1120.148571119992,-4359.4717,0,"2025-04-17T14:49:48.350Z",-2393.2605
"Medidor 3 - ICAS","Potencia reactiva L3 (Q3)","var",-1120.148571119992,-4359.4717,0,"2025-04-17T14:50:48.453Z",-2384.241
"Medidor 3 - ICAS","Potencia reactiva L3 (Q3)","var",-1120.148571119992,-4359.4717,0,"2025-04-17T14:51:48.575Z",-2429.6753
"Medidor 3 - ICAS","Potencia reactiva L3 (Q3)","var",-1120.148571119992,-4359.4717,0,"2025-04-17T14:52:48.563Z",-2406.6331
"Medidor 3 - ICAS","Potencia reactiva L3 (Q3)","var",-1120.148571119992,-4359.4717,0,"2025-04-17T14:53:48.680Z",-2276.7639
"Medidor 3 - ICAS","Potencia reactiva L3 (Q3)","var",-1120.148571119992,-4359.4717,0,"2025-04-17T14:54:48.795Z",-2564.4033
"Medidor 3 - ICAS","Potencia reactiva L3 (Q3)","var",-1120.148571119992,-4359.4717,0,"2025-04-17T14:55:48.896Z",-2576.8884
"Medidor 3 - ICAS","Potencia reactiva L3 (Q3)","var",-1120.148571119992,-4359.4717,0,"2025-04-17T14:56:48.996Z",-2702.4937
"Medidor 3 - ICAS","Potencia reactiva L3 (Q3)","var",-1120.148571119992,-4359.4717,0,"2025-04-17T14:57:49.081Z",-2392.2964
"Medidor 3 - ICAS","Potencia reactiva L3 (Q3)","var",-1120.148571119992,-4359.4717,0,"2025-04-17T14:58:49.193Z",-2412.0566
"Medidor 3 - ICAS","Potencia reactiva L3 (Q3)","var",-1120.148571119992,-4359.4717,0,"2025-04-17T14:59:49.278Z",-2479.7515
"Medidor 3 - ICAS","Potencia reactiva L3 (Q3)","var",-1120.148571119992,-4359.4717,0,"2025-04-17T15:00:49.366Z",-2683.8418
"Medidor 3 - ICAS","Potencia reactiva L3 (Q3)","var",-1120.148571119992,-4359.4717,0,"2025-04-17T15:01:49.503Z",-2668.5427
"Medidor 3 - ICAS","Potencia reactiva L3 (Q3)","var",-1120.148571119992,-4359.4717,0,"2025-04-17T15:02:49.582Z",-2681.2944
"Medidor 3 - ICAS","Potencia reactiva L3 (Q3)","var",-1120.148571119992,-4359.4717,0,"2025-04-17T15:03:49.606Z",-2654.155
"Medidor 3 - ICAS","Potencia reactiva L3 (Q3)","var",-1120.148571119992,-4359.4717,0,"2025-04-17T15:04:49.690Z",-2441.7976
"Medidor 3 - ICAS","Potencia reactiva L3 (Q3)","var",-1120.148571119992,-4359.4717,0,"2025-04-17T15:05:49.797Z",-2431.8633
"Medidor 3 - ICAS","Potencia reactiva L3 (Q3)","var",-1120.148571119992,-4359.4717,0,"2025-04-17T15:06:49.926Z",-2500.6284
"Medidor 3 - ICAS","Potencia reactiva L3 (Q3)","var",-1120.148571119992,-4359.4717,0,"2025-04-17T15:07:49.957Z",-2504.2043
"Medidor 3 - ICAS","Potencia reactiva L3 (Q3)","var",-1120.148571119992,-4359.4717,0,"2025-04-17T15:08:50.051Z",-2659.1931
"Medidor 3 - ICAS","Potencia reactiva L3 (Q3)","var",-1120.148571119992,-4359.4717,0,"2025-04-17T15:09:50.071Z",-2780.6311
"Medidor 3 - ICAS","Potencia reactiva L3 (Q3)","var",-1120.148571119992,-4359.4717,0,"2025-04-17T15:10:50.205Z",-2752.6069
"Medidor 3 - ICAS","Potencia reactiva L3 (Q3)","var",-1120.148571119992,-4359.4717,0,"2025-04-17T15:11:50.270Z",-2611.8462
"Medidor 3 - ICAS","Potencia reactiva L3 (Q3)","var",-1120.148571119992,-4359.4717,0,"2025-04-17T15:12:50.293Z",-2560.4663
"Medidor 3 - ICAS","Potencia reactiva L3 (Q3)","var",-1120.148571119992,-4359.4717,0,"2025-04-17T15:13:50.377Z",-2638.1394
"Medidor 3 - ICAS","Potencia reactiva L3 (Q3)","var",-1120.148571119992,-4359.4717,0,"2025-04-17T15:14:50.417Z",-2923.3623
"Medidor 3 - ICAS","Potencia reactiva L3 (Q3)","var",-1120.148571119992,-4359.4717,0,"2025-04-17T15:15:50.585Z",-2880.6699
"Medidor 3 - ICAS","Potencia reactiva L3 (Q3)","var",-1120.148571119992,-4359.4717,0,"2025-04-17T15:16:50.620Z",-2457.8179
"Medidor 3 - ICAS","Potencia reactiva L3 (Q3)","var",-1120.148571119992,-4359.4717,0,"2025-04-17T15:17:50.699Z",-2714.9148
"Medidor 3 - ICAS","Potencia reactiva L3 (Q3)","var",-1120.148571119992,-4359.4717,0,"2025-04-17T15:18:50.812Z",-2857.1558
"Medidor 3 - ICAS","Potencia reactiva L3 (Q3)","var",-1120.148571119992,-4359.4717,0,"2025-04-17T15:19:50.908Z",-2833.5054
"Medidor 3 - ICAS","Potencia reactiva L3 (Q3)","var",-1120.148571119992,-4359.4717,0,"2025-04-17T15:20:51.025Z",-2728.4814
"Medidor 3 - ICAS","Potencia reactiva L3 (Q3)","var",-1120.148571119992,-4359.4717,0,"2025-04-17T15:21:51.081Z",-2710.1079
"Medidor 3 - ICAS","Potencia reactiva L3 (Q3)","var",-1120.148571119992,-4359.4717,0,"2025-04-17T15:22:51.176Z",-2983.4558
"Medidor 3 - ICAS","Potencia reactiva L3 (Q3)","var",-1120.148571119992,-4359.4717,0,"2025-04-17T15:23:51.289Z",-2792.4573
"Medidor 3 - ICAS","Potencia reactiva L3 (Q3)","var",-1120.148571119992,-4359.4717,0,"2025-04-17T15:24:51.378Z",-2991.3
"Medidor 3 - ICAS","Potencia reactiva L3 (Q3)","var",-1120.148571119992,-4359.4717,0,"2025-04-17T15:25:51.418Z",-2939.521
"Medidor 3 - ICAS","Potencia reactiva L3 (Q3)","var",-1120.148571119992,-4359.4717,0,"2025-04-17T15:26:51.554Z",-2688.3325
"Medidor 3 - ICAS","Potencia reactiva L3 (Q3)","var",-1120.148571119992,-4359.4717,0,"2025-04-17T15:27:51.663Z",-2908.1099
"Medidor 3 - ICAS","Potencia reactiva L3 (Q3)","var",-1120.148571119992,-4359.4717,0,"2025-04-17T15:28:51.723Z",-2791.1567
"Medidor 3 - ICAS","Potencia reactiva L3 (Q3)","var",-1120.148571119992,-4359.4717,0,"2025-04-17T15:29:51.792Z",-3106.9043
"Medidor 3 - ICAS","Potencia reactiva L3 (Q3)","var",-1120.148571119992,-4359.4717,0,"2025-04-17T15:30:51.902Z",-2877.0688
"Medidor 3 - ICAS","Potencia reactiva L3 (Q3)","var",-1120.148571119992,-4359.4717,0,"2025-04-17T15:31:51.991Z",-3109.52
"Medidor 3 - ICAS","Potencia reactiva L3 (Q3)","var",-1120.148571119992,-4359.4717,0,"2025-04-17T15:32:52.056Z",-2960.7104
"Medidor 3 - ICAS","Potencia reactiva L3 (Q3)","var",-1120.148571119992,-4359.4717,0,"2025-04-17T15:33:52.107Z",-2872.9038
"Medidor 3 - ICAS","Potencia reactiva L3 (Q3)","var",-1120.148571119992,-4359.4717,0,"2025-04-17T15:34:52.222Z",-3097.5671
"Medidor 3 - ICAS","Potencia reactiva L3 (Q3)","var",-1120.148571119992,-4359.4717,0,"2025-04-17T15:35:52.339Z",-2839.2769
"Medidor 3 - ICAS","Potencia reactiva L3 (Q3)","var",-1120.148571119992,-4359.4717,0,"2025-04-17T15:36:52.416Z",-3079.2136
"Medidor 3 - ICAS","Potencia reactiva L3 (Q3)","var",-1120.148571119992,-4359.4717,0,"2025-04-17T15:37:52.490Z",-3083.1045
"Medidor 3 - ICAS","Potencia reactiva L3 (Q3)","var",-1120.148571119992,-4359.4717,0,"2025-04-17T15:38:52.679Z",-3040.1782
"Medidor 3 - ICAS","Potencia reactiva L3 (Q3)","var",-1120.148571119992,-4359.4717,0,"2025-04-17T15:39:52.777Z",-2834.9341
"Medidor 3 - ICAS","Potencia reactiva L3 (Q3)","var",-1120.148571119992,-4359.4717,0,"2025-04-17T15:40:52.853Z",-3152.7334
"Medidor 3 - ICAS","Potencia reactiva L3 (Q3)","var",-1120.148571119992,-4359.4717,0,"2025-04-17T15:41:52.970Z",-3190.3857
"Medidor 3 - ICAS","Potencia reactiva L3 (Q3)","var",-1120.148571119992,-4359.4717,0,"2025-04-17T15:42:53.048Z",-3219.1694
"Medidor 3 - ICAS","Potencia reactiva L3 (Q3)","var",-1120.148571119992,-4359.4717,0,"2025-04-17T15:43:53.121Z",-3129.3057
"Medidor 3 - ICAS","Potencia reactiva L3 (Q3)","var",-1120.148571119992,-4359.4717,0,"2025-04-17T15:44:53.270Z",-3174.0146
"Medidor 3 - ICAS","Potencia reactiva L3 (Q3)","var",-1120.148571119992,-4359.4717,0,"2025-04-17T15:45:53.317Z",-3219.6567
"Medidor 3 - ICAS","Potencia reactiva L3 (Q3)","var",-1120.148571119992,-4359.4717,0,"2025-04-17T15:46:53.380Z",-3169.021
"Medidor 3 - ICAS","Potencia reactiva L3 (Q3)","var",-1120.148571119992,-4359.4717,0,"2025-04-17T15:47:53.496Z",-3010.3804
"Medidor 3 - ICAS","Potencia reactiva L3 (Q3)","var",-1120.148571119992,-4359.4717,0,"2025-04-17T15:48:53.565Z",-3394.4626
"Medidor 3 - ICAS","Potencia reactiva L3 (Q3)","var",-1120.148571119992,-4359.4717,0,"2025-04-17T15:49:53.698Z",-3188.2417
"Medidor 3 - ICAS","Potencia reactiva L3 (Q3)","var",-1120.148571119992,-4359.4717,0,"2025-04-17T15:50:53.757Z",-3446.9802
"Medidor 3 - ICAS","Potencia reactiva L3 (Q3)","var",-1120.148571119992,-4359.4717,0,"2025-04-17T15:51:53.821Z",-3264.4971
"Medidor 3 - ICAS","Potencia reactiva L3 (Q3)","var",-1120.148571119992,-4359.4717,0,"2025-04-17T15:52:53.895Z",-3345.0574
"Medidor 3 - ICAS","Potencia reactiva L3 (Q3)","var",-1120.148571119992,-4359.4717,0,"2025-04-17T15:53:53.913Z",-3452.4399
"Medidor 3 - ICAS","Potencia reactiva L3 (Q3)","var",-1120.148571119992,-4359.4717,0,"2025-04-17T15:54:54.019Z",-3077.9814
"Medidor 3 - ICAS","Potencia reactiva L3 (Q3)","var",-1120.148571119992,-4359.4717,0,"2025-04-17T15:55:54.083Z",-3433.7498
"Medidor 3 - ICAS","Potencia reactiva L3 (Q3)","var",-1120.148571119992,-4359.4717,0,"2025-04-17T15:56:54.162Z",-3638.7471
"Medidor 3 - ICAS","Potencia reactiva L3 (Q3)","var",-1120.148571119992,-4359.4717,0,"2025-04-17T15:57:54.257Z",-3076.9082
"Medidor 3 - ICAS","Potencia reactiva L3 (Q3)","var",-1120.148571119992,-4359.4717,0,"2025-04-17T15:58:54.327Z",-3406.9177
"Medidor 3 - ICAS","Potencia reactiva L3 (Q3)","var",-1120.148571119992,-4359.4717,0,"2025-04-17T15:59:54.420Z",-3416.9927
"Medidor 3 - ICAS","Potencia reactiva L3 (Q3)","var",-1120.148571119992,-4359.4717,0,"2025-04-17T16:00:54.465Z",-3053.4768
"Medidor 3 - ICAS","Potencia reactiva L3 (Q3)","var",-1120.148571119992,-4359.4717,0,"2025-04-17T16:01:54.531Z",-3241.1929
"Medidor 3 - ICAS","Potencia reactiva L3 (Q3)","var",-1120.148571119992,-4359.4717,0,"2025-04-17T16:02:54.597Z",-3124.0005
"Medidor 3 - ICAS","Potencia reactiva L3 (Q3)","var",-1120.148571119992,-4359.4717,0,"2025-04-17T16:03:54.741Z",-2985.0295
"Medidor 3 - ICAS","Potencia reactiva L3 (Q3)","var",-1120.148571119992,-4359.4717,0,"2025-04-17T16:04:54.815Z",-3073.6543
"Medidor 3 - ICAS","Potencia reactiva L3 (Q3)","var",-1120.148571119992,-4359.4717,0,"2025-04-17T16:05:54.876Z",-2854.1003
"Medidor 3 - ICAS","Potencia reactiva L3 (Q3)","var",-1120.148571119992,-4359.4717,0,"2025-04-17T16:06:55.023Z",-2788.6973
"Medidor 3 - ICAS","Potencia reactiva L3 (Q3)","var",-1120.148571119992,-4359.4717,0,"2025-04-17T16:07:55.101Z",-3219.3364
"Medidor 3 - ICAS","Potencia reactiva L3 (Q3)","var",-1120.148571119992,-4359.4717,0,"2025-04-17T16:08:55.153Z",-3264.1638
"Medidor 3 - ICAS","Potencia reactiva L3 (Q3)","var",-1120.148571119992,-4359.4717,0,"2025-04-17T16:09:55.203Z",-3154.1484
"Medidor 3 - ICAS","Potencia reactiva L3 (Q3)","var",-1120.148571119992,-4359.4717,0,"2025-04-17T16:10:55.312Z",-3157.8218
"Medidor 3 - ICAS","Potencia reactiva L3 (Q3)","var",-1120.148571119992,-4359.4717,0,"2025-04-17T16:11:55.364Z",-3254.9971
"Medidor 3 - ICAS","Potencia reactiva L3 (Q3)","var",-1120.148571119992,-4359.4717,0,"2025-04-17T16:12:55.470Z",-3625.5515
"Medidor 3 - ICAS","Potencia reactiva L3 (Q3)","var",-1120.148571119992,-4359.4717,0,"2025-04-17T16:13:55.543Z",-3384.5117
"Medidor 3 - ICAS","Potencia reactiva L3 (Q3)","var",-1120.148571119992,-4359.4717,0,"2025-04-17T16:14:55.618Z",-3232.6833
"Medidor 3 - ICAS","Potencia reactiva L3 (Q3)","var",-1120.148571119992,-4359.4717,0,"2025-04-17T16:15:55.718Z",-3611.9033
"Medidor 3 - ICAS","Potencia reactiva L3 (Q3)","var",-1120.148571119992,-4359.4717,0,"2025-04-17T16:16:55.773Z",-3356.4553
"Medidor 3 - ICAS","Potencia reactiva L3 (Q3)","var",-1120.148571119992,-4359.4717,0,"2025-04-17T16:17:55.851Z",-3303.8604
"Medidor 3 - ICAS","Potencia reactiva L3 (Q3)","var",-1120.148571119992,-4359.4717,0,"2025-04-17T16:18:55.976Z",-3326.24
"Medidor 3 - ICAS","Potencia reactiva L3 (Q3)","var",-1120.148571119992,-4359.4717,0,"2025-04-17T16:19:56.046Z",-3651.2473
"Medidor 3 - ICAS","Potencia reactiva L3 (Q3)","var",-1120.148571119992,-4359.4717,0,"2025-04-17T16:20:56.121Z",-3317.4868
"Medidor 3 - ICAS","Potencia reactiva L3 (Q3)","var",-1120.148571119992,-4359.4717,0,"2025-04-17T16:21:56.222Z",-3045.5537
"Medidor 3 - ICAS","Potencia reactiva L3 (Q3)","var",-1120.148571119992,-4359.4717,0,"2025-04-17T16:22:56.287Z",-3342.4949
"Medidor 3 - ICAS","Potencia reactiva L3 (Q3)","var",-1120.148571119992,-4359.4717,0,"2025-04-17T16:23:56.378Z",-3464.647
"Medidor 3 - ICAS","Potencia reactiva L3 (Q3)","var",-1120.148571119992,-4359.4717,0,"2025-04-17T16:24:56.442Z",-3397.3105
"Medidor 3 - ICAS","Potencia reactiva L3 (Q3)","var",-1120.148571119992,-4359.4717,0,"2025-04-17T16:25:56.486Z",-3484.8875
"Medidor 3 - ICAS","Potencia reactiva L3 (Q3)","var",-1120.148571119992,-4359.4717,0,"2025-04-17T16:26:56.573Z",-3650.886
"Medidor 3 - ICAS","Potencia reactiva L3 (Q3)","var",-1120.148571119992,-4359.4717,0,"2025-04-17T16:27:56.661Z",-3754.2161
"Medidor 3 - ICAS","Potencia reactiva L3 (Q3)","var",-1120.148571119992,-4359.4717,0,"2025-04-17T16:28:56.733Z",-3426.6426
"Medidor 3 - ICAS","Potencia reactiva L3 (Q3)","var",-1120.148571119992,-4359.4717,0,"2025-04-17T16:29:56.788Z",-3785.3921
"Medidor 3 - ICAS","Potencia reactiva L3 (Q3)","var",-1120.148571119992,-4359.4717,0,"2025-04-17T16:30:56.860Z",-3557.0959
"Medidor 3 - ICAS","Potencia reactiva L3 (Q3)","var",-1120.148571119992,-4359.4717,0,"2025-04-17T16:31:56.923Z",-3532.749
"Medidor 3 - ICAS","Potencia reactiva L3 (Q3)","var",-1120.148571119992,-4359.4717,0,"2025-04-17T16:32:57.004Z",-3337.4888
"Medidor 3 - ICAS","Potencia reactiva L3 (Q3)","var",-1120.148571119992,-4359.4717,0,"2025-04-17T16:33:57.030Z",-3427.9912
"Medidor 3 - ICAS","Potencia reactiva L3 (Q3)","var",-1120.148571119992,-4359.4717,0,"2025-04-17T16:34:57.087Z",-3715.4121
"Medidor 3 - ICAS","Potencia reactiva L3 (Q3)","var",-1120.148571119992,-4359.4717,0,"2025-04-17T16:35:57.190Z",-3369.4087
"Medidor 3 - ICAS","Potencia reactiva L3 (Q3)","var",-1120.148571119992,-4359.4717,0,"2025-04-17T16:36:57.303Z",-3606.3965
"Medidor 3 - ICAS","Potencia reactiva L3 (Q3)","var",-1120.148571119992,-4359.4717,0,"2025-04-17T16:37:57.374Z",-3695.1665
"Medidor 3 - ICAS","Potencia reactiva L3 (Q3)","var",-1120.148571119992,-4359.4717,0,"2025-04-17T16:38:57.476Z",-3544.1938
"Medidor 3 - ICAS","Potencia reactiva L3 (Q3)","var",-1120.148571119992,-4359.4717,0,"2025-04-17T16:39:57.558Z",-3421.2192
"Medidor 3 - ICAS","Potencia reactiva L3 (Q3)","var",-1120.148571119992,-4359.4717,0,"2025-04-17T16:40:57.604Z",-3728.4958
"Medidor 3 - ICAS","Potencia reactiva L3 (Q3)","var",-1120.148571119992,-4359.4717,0,"2025-04-17T16:41:57.713Z",-3393.1272
"Medidor 3 - ICAS","Potencia reactiva L3 (Q3)","var",-1120.148571119992,-4359.4717,0,"2025-04-17T16:42:57.775Z",-3800.8232
"Medidor 3 - ICAS","Potencia reactiva L3 (Q3)","var",-1120.148571119992,-4359.4717,0,"2025-04-17T16:43:57.870Z",-3286.7896
"Medidor 3 - ICAS","Potencia reactiva L3 (Q3)","var",-1120.148571119992,-4359.4717,0,"2025-04-17T16:44:57.954Z",-3919.6001
"Medidor 3 - ICAS","Potencia reactiva L3 (Q3)","var",-1120.148571119992,-4359.4717,0,"2025-04-17T16:45:58.047Z",-3612.24
"Medidor 3 - ICAS","Potencia reactiva L3 (Q3)","var",-1120.148571119992,-4359.4717,0,"2025-04-17T16:46:58.141Z",-3797.2705
"Medidor 3 - ICAS","Potencia reactiva L3 (Q3)","var",-1120.148571119992,-4359.4717,0,"2025-04-17T16:47:58.207Z",-3436.4253
"Medidor 3 - ICAS","Potencia reactiva L3 (Q3)","var",-1120.148571119992,-4359.4717,0,"2025-04-17T16:48:58.276Z",-3539.5999
"Medidor 3 - ICAS","Potencia reactiva L3 (Q3)","var",-1120.148571119992,-4359.4717,0,"2025-04-17T16:49:58.387Z",-3810.1816
"Medidor 3 - ICAS","Potencia reactiva L3 (Q3)","var",-1120.148571119992,-4359.4717,0,"2025-04-17T16:50:58.507Z",-3633.157
"Medidor 3 - ICAS","Potencia reactiva L3 (Q3)","var",-1120.148571119992,-4359.4717,0,"2025-04-17T16:51:58.583Z",-3799.2288
"Medidor 3 - ICAS","Potencia reactiva L3 (Q3)","var",-1120.148571119992,-4359.4717,0,"2025-04-17T16:52:58.685Z",-3530.4038
"Medidor 3 - ICAS","Potencia reactiva L3 (Q3)","var",-1120.148571119992,-4359.4717,0,"2025-04-17T16:53:58.771Z",-3764.1733
"Medidor 3 - ICAS","Potencia reactiva L3 (Q3)","var",-1120.148571119992,-4359.4717,0,"2025-04-17T16:54:58.852Z",-3442.4509
"Medidor 3 - ICAS","Potencia reactiva L3 (Q3)","var",-1120.148571119992,-4359.4717,0,"2025-04-17T16:55:58.984Z",-3783.8228
"Medidor 3 - ICAS","Potencia reactiva L3 (Q3)","var",-1120.148571119992,-4359.4717,0,"2025-04-17T16:56:59.046Z",-3429.8367
"Medidor 3 - ICAS","Potencia reactiva L3 (Q3)","var",-1120.148571119992,-4359.4717,0,"2025-04-17T16:57:59.105Z",-3793.6804
"Medidor 3 - ICAS","Potencia reactiva L3 (Q3)","var",-1120.148571119992,-4359.4717,0,"2025-04-17T16:58:59.161Z",-3748.0979
"Medidor 3 - ICAS","Potencia reactiva L3 (Q3)","var",-1120.148571119992,-4359.4717,0,"2025-04-17T16:59:59.256Z",-3624.7158
"Medidor 3 - ICAS","Potencia reactiva L3 (Q3)","var",-1120.148571119992,-4359.4717,0,"2025-04-17T17:00:59.335Z",-3498.5459
"Medidor 3 - ICAS","Potencia reactiva L3 (Q3)","var",-1120.148571119992,-4359.4717,0,"2025-04-17T17:01:59.462Z",-3566.0439
"Medidor 3 - ICAS","Potencia reactiva L3 (Q3)","var",-1120.148571119992,-4359.4717,0,"2025-04-17T17:02:59.515Z",-3654.0051
"Medidor 3 - ICAS","Potencia reactiva L3 (Q3)","var",-1120.148571119992,-4359.4717,0,"2025-04-17T17:03:59.558Z",-3459.9229
"Medidor 3 - ICAS","Potencia reactiva L3 (Q3)","var",-1120.148571119992,-4359.4717,0,"2025-04-17T17:04:59.625Z",-3603.6057
"Medidor 3 - ICAS","Potencia reactiva L3 (Q3)","var",-1120.148571119992,-4359.4717,0,"2025-04-17T17:05:59.713Z",-3560.7412
"Medidor 3 - ICAS","Potencia reactiva L3 (Q3)","var",-1120.148571119992,-4359.4717,0,"2025-04-17T17:06:59.814Z",-3628.4631
"Medidor 3 - ICAS","Potencia reactiva L3 (Q3)","var",-1120.148571119992,-4359.4717,0,"2025-04-17T17:07:59.879Z",-3835.7666
"Medidor 3 - ICAS","Potencia reactiva L3 (Q3)","var",-1120.148571119992,-4359.4717,0,"2025-04-17T17:08:59.959Z",-3955.0742
"Medidor 3 - ICAS","Potencia reactiva L3 (Q3)","var",-1120.148571119992,-4359.4717,0,"2025-04-17T17:10:00.031Z",-4003.5142
"Medidor 3 - ICAS","Potencia reactiva L3 (Q3)","var",-1120.148571119992,-4359.4717,0,"2025-04-17T17:11:00.071Z",-3817.136
"Medidor 3 - ICAS","Potencia reactiva L3 (Q3)","var",-1120.148571119992,-4359.4717,0,"2025-04-17T17:12:00.174Z",-3506.4468
"Medidor 3 - ICAS","Potencia reactiva L3 (Q3)","var",-1120.148571119992,-4359.4717,0,"2025-04-17T17:13:00.251Z",-3505.9419
"Medidor 3 - ICAS","Potencia reactiva L3 (Q3)","var",-1120.148571119992,-4359.4717,0,"2025-04-17T17:14:00.387Z",-3716.7429
"Medidor 3 - ICAS","Potencia reactiva L3 (Q3)","var",-1120.148571119992,-4359.4717,0,"2025-04-17T17:15:00.491Z",-3981.4712
"Medidor 3 - ICAS","Potencia reactiva L3 (Q3)","var",-1120.148571119992,-4359.4717,0,"2025-04-17T17:16:00.564Z",-3628.2908
"Medidor 3 - ICAS","Potencia reactiva L3 (Q3)","var",-1120.148571119992,-4359.4717,0,"2025-04-17T17:17:00.628Z",-3844.4243
"Medidor 3 - ICAS","Potencia reactiva L3 (Q3)","var",-1120.148571119992,-4359.4717,0,"2025-04-17T17:18:00.705Z",-3610.8633
"Medidor 3 - ICAS","Potencia reactiva L3 (Q3)","var",-1120.148571119992,-4359.4717,0,"2025-04-17T17:19:00.813Z",-4024.5571
"Medidor 3 - ICAS","Potencia reactiva L3 (Q3)","var",-1120.148571119992,-4359.4717,0,"2025-04-17T17:20:00.860Z",-3947.0911
"Medidor 3 - ICAS","Potencia reactiva L3 (Q3)","var",-1120.148571119992,-4359.4717,0,"2025-04-17T17:21:00.966Z",-3621.0132
"Medidor 3 - ICAS","Potencia reactiva L3 (Q3)","var",-1120.148571119992,-4359.4717,0,"2025-04-17T17:22:01.066Z",-3630.1707
"Medidor 3 - ICAS","Potencia reactiva L3 (Q3)","var",-1120.148571119992,-4359.4717,0,"2025-04-17T17:23:01.157Z",-3522.7122
"Medidor 3 - ICAS","Potencia reactiva L3 (Q3)","var",-1120.148571119992,-4359.4717,0,"2025-04-17T17:24:01.203Z",-3509.9053
"Medidor 3 - ICAS","Potencia reactiva L3 (Q3)","var",-1120.148571119992,-4359.4717,0,"2025-04-17T17:25:01.287Z",-3544.592
"Medidor 3 - ICAS","Potencia reactiva L3 (Q3)","var",-1120.148571119992,-4359.4717,0,"2025-04-17T17:26:01.374Z",-3798.7979
"Medidor 3 - ICAS","Potencia reactiva L3 (Q3)","var",-1120.148571119992,-4359.4717,0,"2025-04-17T17:27:01.470Z",-3826.1206
"Medidor 3 - ICAS","Potencia reactiva L3 (Q3)","var",-1120.148571119992,-4359.4717,0,"2025-04-17T17:28:01.553Z",-3599.6677
"Medidor 3 - ICAS","Potencia reactiva L3 (Q3)","var",-1120.148571119992,-4359.4717,0,"2025-04-17T17:29:01.539Z",-3650.856
"Medidor 3 - ICAS","Potencia reactiva L3 (Q3)","var",-1120.148571119992,-4359.4717,0,"2025-04-17T17:30:01.660Z",-3812.2075
"Medidor 3 - ICAS","Potencia reactiva L3 (Q3)","var",-1120.148571119992,-4359.4717,0,"2025-04-17T17:31:01.739Z",-3462.376
"Medidor 3 - ICAS","Potencia reactiva L3 (Q3)","var",-1120.148571119992,-4359.4717,0,"2025-04-17T17:32:01.800Z",-3891.0469
"Medidor 3 - ICAS","Potencia reactiva L3 (Q3)","var",-1120.148571119992,-4359.4717,0,"2025-04-17T17:33:01.878Z",-3790.7432
"Medidor 3 - ICAS","Potencia reactiva L3 (Q3)","var",-1120.148571119992,-4359.4717,0,"2025-04-17T17:34:01.972Z",-3485.3091
"Medidor 3 - ICAS","Potencia reactiva L3 (Q3)","var",-1120.148571119992,-4359.4717,0,"2025-04-17T17:35:02.107Z",-3922.9495
"Medidor 3 - ICAS","Potencia reactiva L3 (Q3)","var",-1120.148571119992,-4359.4717,0,"2025-04-17T17:36:02.208Z",-3637.0139
"Medidor 3 - ICAS","Potencia reactiva L3 (Q3)","var",-1120.148571119992,-4359.4717,0,"2025-04-17T17:37:02.299Z",-3451.3911
"Medidor 3 - ICAS","Potencia reactiva L3 (Q3)","var",-1120.148571119992,-4359.4717,0,"2025-04-17T17:38:02.404Z",-3762.4802
"Medidor 3 - ICAS","Potencia reactiva L3 (Q3)","var",-1120.148571119992,-4359.4717,0,"2025-04-17T17:39:02.509Z",-3625.3003
"Medidor 3 - ICAS","Potencia reactiva L3 (Q3)","var",-1120.148571119992,-4359.4717,0,"2025-04-17T17:40:02.605Z",-3872.2974
"Medidor 3 - ICAS","Potencia reactiva L3 (Q3)","var",-1120.148571119992,-4359.4717,0,"2025-04-17T17:41:02.712Z",-4002.5332
"Medidor 3 - ICAS","Potencia reactiva L3 (Q3)","var",-1120.148571119992,-4359.4717,0,"2025-04-17T17:42:02.781Z",-3807.949
"Medidor 3 - ICAS","Potencia reactiva L3 (Q3)","var",-1120.148571119992,-4359.4717,0,"2025-04-17T17:43:02.905Z",-3515.5884
"Medidor 3 - ICAS","Potencia reactiva L3 (Q3)","var",-1120.148571119992,-4359.4717,0,"2025-04-17T17:44:02.971Z",-3751.6504
"Medidor 3 - ICAS","Potencia reactiva L3 (Q3)","var",-1120.148571119992,-4359.4717,0,"2025-04-17T17:45:03.058Z",-3715.7678
"Medidor 3 - ICAS","Potencia reactiva L3 (Q3)","var",-1120.148571119992,-4359.4717,0,"2025-04-17T17:46:03.174Z",-3556.6282
"Medidor 3 - ICAS","Potencia reactiva L3 (Q3)","var",-1120.148571119992,-4359.4717,0,"2025-04-17T17:47:03.246Z",-3753.3289
"Medidor 3 - ICAS","Potencia reactiva L3 (Q3)","var",-1120.148571119992,-4359.4717,0,"2025-04-17T17:48:03.302Z",-3845.0493
"Medidor 3 - ICAS","Potencia reactiva L3 (Q3)","var",-1120.148571119992,-4359.4717,0,"2025-04-17T17:49:03.381Z",-3578.4795
"Medidor 3 - ICAS","Potencia reactiva L3 (Q3)","var",-1120.148571119992,-4359.4717,0,"2025-04-17T17:50:03.475Z",-3565.6484
"Medidor 3 - ICAS","Potencia reactiva L3 (Q3)","var",-1120.148571119992,-4359.4717,0,"2025-04-17T17:51:03.565Z",-3869.3374
"Medidor 3 - ICAS","Potencia reactiva L3 (Q3)","var",-1120.148571119992,-4359.4717,0,"2025-04-17T17:52:03.619Z",-3658.0962
"Medidor 3 - ICAS","Potencia reactiva L3 (Q3)","var",-1120.148571119992,-4359.4717,0,"2025-04-17T17:53:03.740Z",-3759.1196
"Medidor 3 - ICAS","Potencia reactiva L3 (Q3)","var",-1120.148571119992,-4359.4717,0,"2025-04-17T17:54:03.837Z",-3956.8628
"Medidor 3 - ICAS","Potencia reactiva L3 (Q3)","var",-1120.148571119992,-4359.4717,0,"2025-04-17T17:55:03.904Z",-3535.2954
"Medidor 3 - ICAS","Potencia reactiva L3 (Q3)","var",-1120.148571119992,-4359.4717,0,"2025-04-17T17:56:03.989Z",-3841.033
"Medidor 3 - ICAS","Potencia reactiva L3 (Q3)","var",-1120.148571119992,-4359.4717,0,"2025-04-17T17:57:04.090Z",-3703.3181
"Medidor 3 - ICAS","Potencia reactiva L3 (Q3)","var",-1120.148571119992,-4359.4717,0,"2025-04-17T17:58:04.190Z",-3472.8647
"Medidor 3 - ICAS","Potencia reactiva L3 (Q3)","var",-1120.148571119992,-4359.4717,0,"2025-04-17T17:59:04.288Z",-3556.6248
"Medidor 3 - ICAS","Potencia reactiva L3 (Q3)","var",-1120.148571119992,-4359.4717,0,"2025-04-17T18:00:04.385Z",-3478.5698
"Medidor 3 - ICAS","Potencia reactiva L3 (Q3)","var",-1120.148571119992,-4359.4717,0,"2025-04-17T18:01:04.500Z",-3568.0049
"Medidor 3 - ICAS","Potencia reactiva L3 (Q3)","var",-1120.148571119992,-4359.4717,0,"2025-04-17T18:02:04.573Z",-3868.5605
"Medidor 3 - ICAS","Potencia reactiva L3 (Q3)","var",-1120.148571119992,-4359.4717,0,"2025-04-17T18:03:04.663Z",-3777.2974
"Medidor 3 - ICAS","Potencia reactiva L3 (Q3)","var",-1120.148571119992,-4359.4717,0,"2025-04-17T18:04:04.710Z",-3464.1562
"Medidor 3 - ICAS","Potencia reactiva L3 (Q3)","var",-1120.148571119992,-4359.4717,0,"2025-04-17T18:05:04.788Z",-3858.5022
"Medidor 3 - ICAS","Potencia reactiva L3 (Q3)","var",-1120.148571119992,-4359.4717,0,"2025-04-17T18:06:04.881Z",-3724.1777
"Medidor 3 - ICAS","Potencia reactiva L3 (Q3)","var",-1120.148571119992,-4359.4717,0,"2025-04-17T18:07:04.935Z",-3912.345
"Medidor 3 - ICAS","Potencia reactiva L3 (Q3)","var",-1120.148571119992,-4359.4717,0,"2025-04-17T18:08:05.022Z",-3972.2732
"Medidor 3 - ICAS","Potencia reactiva L3 (Q3)","var",-1120.148571119992,-4359.4717,0,"2025-04-17T18:09:05.067Z",-3734.866
"Medidor 3 - ICAS","Potencia reactiva L3 (Q3)","var",-1120.148571119992,-4359.4717,0,"2025-04-17T18:10:05.151Z",-3815.9292
"Medidor 3 - ICAS","Potencia reactiva L3 (Q3)","var",-1120.148571119992,-4359.4717,0,"2025-04-17T18:11:05.263Z",-3627.5142
"Medidor 3 - ICAS","Potencia reactiva L3 (Q3)","var",-1120.148571119992,-4359.4717,0,"2025-04-17T18:12:05.332Z",-3512.5547
"Medidor 3 - ICAS","Potencia reactiva L3 (Q3)","var",-1120.148571119992,-4359.4717,0,"2025-04-17T18:13:05.376Z",-3983.9585
"Medidor 3 - ICAS","Potencia reactiva L3 (Q3)","var",-1120.148571119992,-4359.4717,0,"2025-04-17T18:14:05.463Z",-3661.5627
"Medidor 3 - ICAS","Potencia reactiva L3 (Q3)","var",-1120.148571119992,-4359.4717,0,"2025-04-17T18:15:05.553Z",-3662.8015
"Medidor 3 - ICAS","Potencia reactiva L3 (Q3)","var",-1120.148571119992,-4359.4717,0,"2025-04-17T18:16:05.639Z",-3603.0889
"Medidor 3 - ICAS","Potencia reactiva L3 (Q3)","var",-1120.148571119992,-4359.4717,0,"2025-04-17T18:17:05.736Z",-3842.5151
"Medidor 3 - ICAS","Potencia reactiva L3 (Q3)","var",-1120.148571119992,-4359.4717,0,"2025-04-17T18:18:05.762Z",-3839.1067
"Medidor 3 - ICAS","Potencia reactiva L3 (Q3)","var",-1120.148571119992,-4359.4717,0,"2025-04-17T18:19:05.809Z",-3877.2173
"Medidor 3 - ICAS","Potencia reactiva L3 (Q3)","var",-1120.148571119992,-4359.4717,0,"2025-04-17T18:20:05.948Z",-3594.7402
"Medidor 3 - ICAS","Potencia reactiva L3 (Q3)","var",-1120.148571119992,-4359.4717,0,"2025-04-17T18:21:05.992Z",-3605.8645
"Medidor 3 - ICAS","Potencia reactiva L3 (Q3)","var",-1120.148571119992,-4359.4717,0,"2025-04-17T18:22:06.079Z",-3751.6199
"Medidor 3 - ICAS","Potencia reactiva L3 (Q3)","var",-1120.148571119992,-4359.4717,0,"2025-04-17T18:23:06.176Z",-3408.6675
"Medidor 3 - ICAS","Potencia reactiva L3 (Q3)","var",-1120.148571119992,-4359.4717,0,"2025-04-17T18:24:06.281Z",-3737.3147
"Medidor 3 - ICAS","Potencia reactiva L3 (Q3)","var",-1120.148571119992,-4359.4717,0,"2025-04-17T18:25:06.398Z",-3665.5334
"Medidor 3 - ICAS","Potencia reactiva L3 (Q3)","var",-1120.148571119992,-4359.4717,0,"2025-04-17T18:26:06.507Z",-3825.7107
"Medidor 3 - ICAS","Potencia reactiva L3 (Q3)","var",-1120.148571119992,-4359.4717,0,"2025-04-17T18:27:06.598Z",-3550.502
"Medidor 3 - ICAS","Potencia reactiva L3 (Q3)","var",-1120.148571119992,-4359.4717,0,"2025-04-17T18:28:06.631Z",-3644.394
"Medidor 3 - ICAS","Potencia reactiva L3 (Q3)","var",-1120.148571119992,-4359.4717,0,"2025-04-17T18:29:06.747Z",-3871.0452
"Medidor 3 - ICAS","Potencia reactiva L3 (Q3)","var",-1120.148571119992,-4359.4717,0,"2025-04-17T18:30:06.859Z",-3821.3025
"Medidor 3 - ICAS","Potencia reactiva L3 (Q3)","var",-1120.148571119992,-4359.4717,0,"2025-04-17T18:31:06.949Z",-3501.9844
"Medidor 3 - ICAS","Potencia reactiva L3 (Q3)","var",-1120.148571119992,-4359.4717,0,"2025-04-17T18:32:07.069Z",-4061.1802
"Medidor 3 - ICAS","Potencia reactiva L3 (Q3)","var",-1120.148571119992,-4359.4717,0,"2025-04-17T18:33:07.148Z",-3721.9316
"Medidor 3 - ICAS","Potencia reactiva L3 (Q3)","var",-1120.148571119992,-4359.4717,0,"2025-04-17T18:34:07.221Z",-3788.3972
"Medidor 3 - ICAS","Potencia reactiva L3 (Q3)","var",-1120.148571119992,-4359.4717,0,"2025-04-17T18:35:07.297Z",-3784.1477
"Medidor 3 - ICAS","Potencia reactiva L3 (Q3)","var",-1120.148571119992,-4359.4717,0,"2025-04-17T18:36:07.404Z",-3568.0149
"Medidor 3 - ICAS","Potencia reactiva L3 (Q3)","var",-1120.148571119992,-4359.4717,0,"2025-04-17T18:37:07.484Z",-3560.9019
"Medidor 3 - ICAS","Potencia reactiva L3 (Q3)","var",-1120.148571119992,-4359.4717,0,"2025-04-17T18:38:07.582Z",-3583.4644
"Medidor 3 - ICAS","Potencia reactiva L3 (Q3)","var",-1120.148571119992,-4359.4717,0,"2025-04-17T18:39:07.641Z",-3720.1924
"Medidor 3 - ICAS","Potencia reactiva L3 (Q3)","var",-1120.148571119992,-4359.4717,0,"2025-04-17T18:40:07.783Z",-3777.3896
"Medidor 3 - ICAS","Potencia reactiva L3 (Q3)","var",-1120.148571119992,-4359.4717,0,"2025-04-17T18:41:07.863Z",-3505.1843
"Medidor 3 - ICAS","Potencia reactiva L3 (Q3)","var",-1120.148571119992,-4359.4717,0,"2025-04-17T18:42:07.970Z",-3862.5288
"Medidor 3 - ICAS","Potencia reactiva L3 (Q3)","var",-1120.148571119992,-4359.4717,0,"2025-04-17T18:43:08.014Z",-3608.6301
"Medidor 3 - ICAS","Potencia reactiva L3 (Q3)","var",-1120.148571119992,-4359.4717,0,"2025-04-17T18:44:08.129Z",-3514.811
"Medidor 3 - ICAS","Potencia reactiva L3 (Q3)","var",-1120.148571119992,-4359.4717,0,"2025-04-17T18:45:08.233Z",-3529.5669
"Medidor 3 - ICAS","Potencia reactiva L3 (Q3)","var",-1120.148571119992,-4359.4717,0,"2025-04-17T18:46:08.257Z",-3933.458
"Medidor 3 - ICAS","Potencia reactiva L3 (Q3)","var",-1120.148571119992,-4359.4717,0,"2025-04-17T18:47:08.323Z",-3374.4895
"Medidor 3 - ICAS","Potencia reactiva L3 (Q3)","var",-1120.148571119992,-4359.4717,0,"2025-04-17T18:48:08.401Z",-3844.4504
"Medidor 3 - ICAS","Potencia reactiva L3 (Q3)","var",-1120.148571119992,-4359.4717,0,"2025-04-17T18:49:08.499Z",-3512.3596
"Medidor 3 - ICAS","Potencia reactiva L3 (Q3)","var",-1120.148571119992,-4359.4717,0,"2025-04-17T18:50:08.570Z",-3685.8438
"Medidor 3 - ICAS","Potencia reactiva L3 (Q3)","var",-1120.148571119992,-4359.4717,0,"2025-04-17T18:51:08.652Z",-3796.3955
"Medidor 3 - ICAS","Potencia reactiva L3 (Q3)","var",-1120.148571119992,-4359.4717,0,"2025-04-17T18:52:08.778Z",-3512.1914
"Medidor 3 - ICAS","Potencia reactiva L3 (Q3)","var",-1120.148571119992,-4359.4717,0,"2025-04-17T18:53:08.856Z",-3774.2354
"Medidor 3 - ICAS","Potencia reactiva L3 (Q3)","var",-1120.148571119992,-4359.4717,0,"2025-04-17T18:54:08.966Z",-3973.6313
"Medidor 3 - ICAS","Potencia reactiva L3 (Q3)","var",-1120.148571119992,-4359.4717,0,"2025-04-17T18:55:09.031Z",-3760.9617
"Medidor 3 - ICAS","Potencia reactiva L3 (Q3)","var",-1120.148571119992,-4359.4717,0,"2025-04-17T18:56:09.090Z",-3650.4712
"Medidor 3 - ICAS","Potencia reactiva L3 (Q3)","var",-1120.148571119992,-4359.4717,0,"2025-04-17T18:57:09.128Z",-3457.7747
"Medidor 3 - ICAS","Potencia reactiva L3 (Q3)","var",-1120.148571119992,-4359.4717,0,"2025-04-17T18:58:09.254Z",-3592.5193
"Medidor 3 - ICAS","Potencia reactiva L3 (Q3)","var",-1120.148571119992,-4359.4717,0,"2025-04-17T18:59:09.357Z",-3471.6665
"Medidor 3 - ICAS","Potencia reactiva L3 (Q3)","var",-1120.148571119992,-4359.4717,0,"2025-04-17T19:00:09.445Z",-3692.7625
"Medidor 3 - ICAS","Potencia reactiva L3 (Q3)","var",-1120.148571119992,-4359.4717,0,"2025-04-17T19:01:09.541Z",-3500.2822
"Medidor 3 - ICAS","Potencia reactiva L3 (Q3)","var",-1120.148571119992,-4359.4717,0,"2025-04-17T19:02:09.610Z",-3569.5093
"Medidor 3 - ICAS","Potencia reactiva L3 (Q3)","var",-1120.148571119992,-4359.4717,0,"2025-04-17T19:03:09.712Z",-3576.2976
"Medidor 3 - ICAS","Potencia reactiva L3 (Q3)","var",-1120.148571119992,-4359.4717,0,"2025-04-17T19:04:09.825Z",-3484.8711
"Medidor 3 - ICAS","Potencia reactiva L3 (Q3)","var",-1120.148571119992,-4359.4717,0,"2025-04-17T19:05:09.944Z",-3708.6196
"Medidor 3 - ICAS","Potencia reactiva L3 (Q3)","var",-1120.148571119992,-4359.4717,0,"2025-04-17T19:06:10.027Z",-3801.3364
"Medidor 3 - ICAS","Potencia reactiva L3 (Q3)","var",-1120.148571119992,-4359.4717,0,"2025-04-17T19:07:10.124Z",-3595.0576
"Medidor 3 - ICAS","Potencia reactiva L3 (Q3)","var",-1120.148571119992,-4359.4717,0,"2025-04-17T19:08:10.205Z",-3564.4487
"Medidor 3 - ICAS","Potencia reactiva L3 (Q3)","var",-1120.148571119992,-4359.4717,0,"2025-04-17T19:09:10.299Z",-3555.0698
"Medidor 3 - ICAS","Potencia reactiva L3 (Q3)","var",-1120.148571119992,-4359.4717,0,"2025-04-17T19:10:10.410Z",-3820.2769
"Medidor 3 - ICAS","Potencia reactiva L3 (Q3)","var",-1120.148571119992,-4359.4717,0,"2025-04-17T19:11:10.509Z",-3539.3101
"Medidor 3 - ICAS","Potencia reactiva L3 (Q3)","var",-1120.148571119992,-4359.4717,0,"2025-04-17T19:12:10.611Z",-3538.708
"Medidor 3 - ICAS","Potencia reactiva L3 (Q3)","var",-1120.148571119992,-4359.4717,0,"2025-04-17T19:13:10.676Z",-3730.2256
"Medidor 3 - ICAS","Potencia reactiva L3 (Q3)","var",-1120.148571119992,-4359.4717,0,"2025-04-17T19:14:10.805Z",-3363.5715
"Medidor 3 - ICAS","Potencia reactiva L3 (Q3)","var",-1120.148571119992,-4359.4717,0,"2025-04-17T19:15:10.865Z",-3232.6909
"Medidor 3 - ICAS","Potencia reactiva L3 (Q3)","var",-1120.148571119992,-4359.4717,0,"2025-04-17T19:16:10.973Z",-3342.8081
"Medidor 3 - ICAS","Potencia reactiva L3 (Q3)","var",-1120.148571119992,-4359.4717,0,"2025-04-17T19:17:11.052Z",-3437.8262
"Medidor 3 - ICAS","Potencia reactiva L3 (Q3)","var",-1120.148571119992,-4359.4717,0,"2025-04-17T19:18:11.155Z",-3279.6936
"Medidor 3 - ICAS","Potencia reactiva L3 (Q3)","var",-1120.148571119992,-4359.4717,0,"2025-04-17T19:19:11.228Z",-3612.1812
"Medidor 3 - ICAS","Potencia reactiva L3 (Q3)","var",-1120.148571119992,-4359.4717,0,"2025-04-17T19:20:11.331Z",-3261.4072
"Medidor 3 - ICAS","Potencia reactiva L3 (Q3)","var",-1120.148571119992,-4359.4717,0,"2025-04-17T19:21:11.393Z",-3721.8281
"Medidor 3 - ICAS","Potencia reactiva L3 (Q3)","var",-1120.148571119992,-4359.4717,0,"2025-04-17T19:22:11.496Z",-3749.1216
"Medidor 3 - ICAS","Potencia reactiva L3 (Q3)","var",-1120.148571119992,-4359.4717,0,"2025-04-17T19:23:11.558Z",-3384.7017
"Medidor 3 - ICAS","Potencia reactiva L3 (Q3)","var",-1120.148571119992,-4359.4717,0,"2025-04-17T19:24:11.638Z",-3248.4092
"Medidor 3 - ICAS","Potencia reactiva L3 (Q3)","var",-1120.148571119992,-4359.4717,0,"2025-04-17T19:25:11.717Z",-3734.0908
"Medidor 3 - ICAS","Potencia reactiva L3 (Q3)","var",-1120.148571119992,-4359.4717,0,"2025-04-17T19:26:11.833Z",-3693.2581
"Medidor 3 - ICAS","Potencia reactiva L3 (Q3)","var",-1120.148571119992,-4359.4717,0,"2025-04-17T19:27:11.940Z",-3785.6995
"Medidor 3 - ICAS","Potencia reactiva L3 (Q3)","var",-1120.148571119992,-4359.4717,0,"2025-04-17T19:28:12.042Z",-3436.8884
"Medidor 3 - ICAS","Potencia reactiva L3 (Q3)","var",-1120.148571119992,-4359.4717,0,"2025-04-17T19:29:12.121Z",-3575.2952
"Medidor 3 - ICAS","Potencia reactiva L3 (Q3)","var",-1120.148571119992,-4359.4717,0,"2025-04-17T19:30:12.211Z",-3563.2246
"Medidor 3 - ICAS","Potencia reactiva L3 (Q3)","var",-1120.148571119992,-4359.4717,0,"2025-04-17T19:31:12.286Z",-3496.043
"Medidor 3 - ICAS","Potencia reactiva L3 (Q3)","var",-1120.148571119992,-4359.4717,0,"2025-04-17T19:32:12.369Z",-3584.4897
"Medidor 3 - ICAS","Potencia reactiva L3 (Q3)","var",-1120.148571119992,-4359.4717,0,"2025-04-17T19:33:12.488Z",-3429.0996
"Medidor 3 - ICAS","Potencia reactiva L3 (Q3)","var",-1120.148571119992,-4359.4717,0,"2025-04-17T19:34:12.562Z",-3636.979
"Medidor 3 - ICAS","Potencia reactiva L3 (Q3)","var",-1120.148571119992,-4359.4717,0,"2025-04-17T19:35:12.632Z",-2490.2144
"Medidor 3 - ICAS","Potencia reactiva L3 (Q3)","var",-1120.148571119992,-4359.4717,0,"2025-04-17T19:36:12.718Z",-1330.2354
"Medidor 3 - ICAS","Potencia reactiva L3 (Q3)","var",-1120.148571119992,-4359.4717,0,"2025-04-17T19:37:12.813Z",-3371.4053
"Medidor 3 - ICAS","Potencia reactiva L3 (Q3)","var",-1120.148571119992,-4359.4717,0,"2025-04-17T19:38:12.933Z",-2819.7236
"Medidor 3 - ICAS","Potencia reactiva L3 (Q3)","var",-1120.148571119992,-4359.4717,0,"2025-04-17T19:39:13.015Z",-3504.9255
"Medidor 3 - ICAS","Potencia reactiva L3 (Q3)","var",-1120.148571119992,-4359.4717,0,"2025-04-17T19:40:13.096Z",-2013.4424
"Medidor 3 - ICAS","Potencia reactiva L3 (Q3)","var",-1120.148571119992,-4359.4717,0,"2025-04-17T19:41:13.130Z",-3459.5781
"Medidor 3 - ICAS","Potencia reactiva L3 (Q3)","var",-1120.148571119992,-4359.4717,0,"2025-04-17T19:42:13.241Z",-4062.3394
"Medidor 3 - ICAS","Potencia reactiva L3 (Q3)","var",-1120.148571119992,-4359.4717,0,"2025-04-17T19:43:13.349Z",-897.3217
"Medidor 3 - ICAS","Potencia reactiva L3 (Q3)","var",-1120.148571119992,-4359.4717,0,"2025-04-17T19:44:13.400Z",-4123.5425
"Medidor 3 - ICAS","Potencia reactiva L3 (Q3)","var",-1120.148571119992,-4359.4717,0,"2025-04-17T19:45:13.468Z",-3841.533
"Medidor 3 - ICAS","Potencia reactiva L3 (Q3)","var",-1120.148571119992,-4359.4717,0,"2025-04-17T19:46:13.568Z",-3464.8979
"Medidor 3 - ICAS","Potencia reactiva L3 (Q3)","var",-1120.148571119992,-4359.4717,0,"2025-04-17T19:47:13.667Z",-3372.8665
"Medidor 3 - ICAS","Potencia reactiva L3 (Q3)","var",-1120.148571119992,-4359.4717,0,"2025-04-17T19:48:13.700Z",-3894.0637
"Medidor 3 - ICAS","Potencia reactiva L3 (Q3)","var",-1120.148571119992,-4359.4717,0,"2025-04-17T19:49:13.771Z",-3894.4688
"Medidor 3 - ICAS","Potencia reactiva L3 (Q3)","var",-1120.148571119992,-4359.4717,0,"2025-04-17T19:50:13.821Z",-1550.8462
"Medidor 3 - ICAS","Potencia reactiva L3 (Q3)","var",-1120.148571119992,-4359.4717,0,"2025-04-17T19:51:13.920Z",-963.9734
"Medidor 3 - ICAS","Potencia reactiva L3 (Q3)","var",-1120.148571119992,-4359.4717,0,"2025-04-17T19:52:14.001Z",-984.3781
"Medidor 3 - ICAS","Potencia reactiva L3 (Q3)","var",-1120.148571119992,-4359.4717,0,"2025-04-17T19:53:14.029Z",-1760.5125
"Medidor 3 - ICAS","Potencia reactiva L3 (Q3)","var",-1120.148571119992,-4359.4717,0,"2025-04-17T19:54:14.156Z",-928.0524
"Medidor 3 - ICAS","Potencia reactiva L3 (Q3)","var",-1120.148571119992,-4359.4717,0,"2025-04-17T19:55:14.309Z",-2020.6218
"Medidor 3 - ICAS","Potencia reactiva L3 (Q3)","var",-1120.148571119992,-4359.4717,0,"2025-04-17T19:56:14.415Z",-999.2813
"Medidor 3 - ICAS","Potencia reactiva L3 (Q3)","var",-1120.148571119992,-4359.4717,0,"2025-04-17T19:57:14.483Z",-1052.3175
"Medidor 3 - ICAS","Potencia reactiva L3 (Q3)","var",-1120.148571119992,-4359.4717,0,"2025-04-17T19:58:14.547Z",-3725.1743
"Medidor 3 - ICAS","Potencia reactiva L3 (Q3)","var",-1120.148571119992,-4359.4717,0,"2025-04-17T19:59:14.688Z",-3655.7202
"Medidor 3 - ICAS","Potencia reactiva L3 (Q3)","var",-1120.148571119992,-4359.4717,0,"2025-04-17T20:00:14.783Z",-3784.3577
"Medidor 3 - ICAS","Potencia reactiva L3 (Q3)","var",-1120.148571119992,-4359.4717,0,"2025-04-17T20:01:14.834Z",-1488.5969
"Medidor 3 - ICAS","Potencia reactiva L3 (Q3)","var",-1120.148571119992,-4359.4717,0,"2025-04-17T20:02:14.897Z",-3366.7893
"Medidor 3 - ICAS","Potencia reactiva L3 (Q3)","var",-1120.148571119992,-4359.4717,0,"2025-04-17T20:03:15.005Z",-1750.3196
"Medidor 3 - ICAS","Potencia reactiva L3 (Q3)","var",-1120.148571119992,-4359.4717,0,"2025-04-17T20:04:15.120Z",-1787.0928
"Medidor 3 - ICAS","Potencia reactiva L3 (Q3)","var",-1120.148571119992,-4359.4717,0,"2025-04-17T20:05:15.151Z",-2615.0361
"Medidor 3 - ICAS","Potencia reactiva L3 (Q3)","var",-1120.148571119992,-4359.4717,0,"2025-04-17T20:06:15.217Z",-3084.6047
"Medidor 3 - ICAS","Potencia reactiva L3 (Q3)","var",-1120.148571119992,-4359.4717,0,"2025-04-17T20:07:15.282Z",-3267.2046
"Medidor 3 - ICAS","Potencia reactiva L3 (Q3)","var",-1120.148571119992,-4359.4717,0,"2025-04-17T20:08:15.362Z",-3426.7129
"Medidor 3 - ICAS","Potencia reactiva L3 (Q3)","var",-1120.148571119992,-4359.4717,0,"2025-04-17T20:09:15.398Z",-3345.6042
"Medidor 3 - ICAS","Potencia reactiva L3 (Q3)","var",-1120.148571119992,-4359.4717,0,"2025-04-17T20:10:15.514Z",-3145.6943
"Medidor 3 - ICAS","Potencia reactiva L3 (Q3)","var",-1120.148571119992,-4359.4717,0,"2025-04-17T20:11:15.595Z",-3231.52
"Medidor 3 - ICAS","Potencia reactiva L3 (Q3)","var",-1120.148571119992,-4359.4717,0,"2025-04-17T20:12:15.661Z",-3402.3083
"Medidor 3 - ICAS","Potencia reactiva L3 (Q3)","var",-1120.148571119992,-4359.4717,0,"2025-04-17T20:13:15.746Z",-2968.4473
"Medidor 3 - ICAS","Potencia reactiva L3 (Q3)","var",-1120.148571119992,-4359.4717,0,"2025-04-17T20:14:15.813Z",-3207.1584
"Medidor 3 - ICAS","Potencia reactiva L3 (Q3)","var",-1120.148571119992,-4359.4717,0,"2025-04-17T20:15:15.903Z",-3552.3735
"Medidor 3 - ICAS","Potencia reactiva L3 (Q3)","var",-1120.148571119992,-4359.4717,0,"2025-04-17T20:16:15.990Z",-3365.4075
"Medidor 3 - ICAS","Potencia reactiva L3 (Q3)","var",-1120.148571119992,-4359.4717,0,"2025-04-17T20:17:16.045Z",-3715.3022
"Medidor 3 - ICAS","Potencia reactiva L3 (Q3)","var",-1120.148571119992,-4359.4717,0,"2025-04-17T20:18:16.128Z",-3372.7153
"Medidor 3 - ICAS","Potencia reactiva L3 (Q3)","var",-1120.148571119992,-4359.4717,0,"2025-04-17T20:19:16.184Z",-1130.6731
"Medidor 3 - ICAS","Potencia reactiva L3 (Q3)","var",-1120.148571119992,-4359.4717,0,"2025-04-17T20:20:16.313Z",-887.5363
"Medidor 3 - ICAS","Potencia reactiva L3 (Q3)","var",-1120.148571119992,-4359.4717,0,"2025-04-17T20:21:16.392Z",-963.8071
"Medidor 3 - ICAS","Potencia reactiva L3 (Q3)","var",-1120.148571119992,-4359.4717,0,"2025-04-17T20:22:16.447Z",-1029.5372
"Medidor 3 - ICAS","Potencia reactiva L3 (Q3)","var",-1120.148571119992,-4359.4717,0,"2025-04-17T20:23:16.491Z",-1031.6958
"Medidor 3 - ICAS","Potencia reactiva L3 (Q3)","var",-1120.148571119992,-4359.4717,0,"2025-04-17T20:24:16.617Z",-1189.4103
"Medidor 3 - ICAS","Potencia reactiva L3 (Q3)","var",-1120.148571119992,-4359.4717,0,"2025-04-17T20:25:16.711Z",-3404.5034
"Medidor 3 - ICAS","Potencia reactiva L3 (Q3)","var",-1120.148571119992,-4359.4717,0,"2025-04-17T20:26:16.806Z",-3354.6445
"Medidor 3 - ICAS","Potencia reactiva L3 (Q3)","var",-1120.148571119992,-4359.4717,0,"2025-04-17T20:27:16.845Z",-1168.7045
"Medidor 3 - ICAS","Potencia reactiva L3 (Q3)","var",-1120.148571119992,-4359.4717,0,"2025-04-17T20:28:16.953Z",-824.3688
"Medidor 3 - ICAS","Potencia reactiva L3 (Q3)","var",-1120.148571119992,-4359.4717,0,"2025-04-17T20:29:17.043Z",-3390.5215
"Medidor 3 - ICAS","Potencia reactiva L3 (Q3)","var",-1120.148571119992,-4359.4717,0,"2025-04-17T20:30:17.119Z",-3378.0942
"Medidor 3 - ICAS","Potencia reactiva L3 (Q3)","var",-1120.148571119992,-4359.4717,0,"2025-04-17T20:31:17.202Z",-1537.5206
"Medidor 3 - ICAS","Potencia reactiva L3 (Q3)","var",-1120.148571119992,-4359.4717,0,"2025-04-17T20:32:17.322Z",-2977.3325
"Medidor 3 - ICAS","Potencia reactiva L3 (Q3)","var",-1120.148571119992,-4359.4717,0,"2025-04-17T20:33:17.393Z",-868.1367
"Medidor 3 - ICAS","Potencia reactiva L3 (Q3)","var",-1120.148571119992,-4359.4717,0,"2025-04-17T20:34:17.461Z",-1682.2267
"Medidor 3 - ICAS","Potencia reactiva L3 (Q3)","var",-1120.148571119992,-4359.4717,0,"2025-04-17T20:35:17.616Z",-2931.2319
"Medidor 3 - ICAS","Potencia reactiva L3 (Q3)","var",-1120.148571119992,-4359.4717,0,"2025-04-17T20:36:17.699Z",-2885.5737
"Medidor 3 - ICAS","Potencia reactiva L3 (Q3)","var",-1120.148571119992,-4359.4717,0,"2025-04-17T20:37:17.777Z",-2689.9172
"Medidor 3 - ICAS","Potencia reactiva L3 (Q3)","var",-1120.148571119992,-4359.4717,0,"2025-04-17T20:38:17.881Z",-965.8651
"Medidor 3 - ICAS","Potencia reactiva L3 (Q3)","var",-1120.148571119992,-4359.4717,0,"2025-04-17T20:39:17.899Z",-1001.4666
"Medidor 3 - ICAS","Potencia reactiva L3 (Q3)","var",-1120.148571119992,-4359.4717,0,"2025-04-17T20:40:18.026Z",-1106.0096
"Medidor 3 - ICAS","Potencia reactiva L3 (Q3)","var",-1120.148571119992,-4359.4717,0,"2025-04-17T20:41:18.081Z",-3147.6182
"Medidor 3 - ICAS","Potencia reactiva L3 (Q3)","var",-1120.148571119992,-4359.4717,0,"2025-04-17T20:42:18.175Z",-945.0542
"Medidor 3 - ICAS","Potencia reactiva L3 (Q3)","var",-1120.148571119992,-4359.4717,0,"2025-04-17T20:43:18.258Z",-907.6893
"Medidor 3 - ICAS","Potencia reactiva L3 (Q3)","var",-1120.148571119992,-4359.4717,0,"2025-04-17T20:44:18.393Z",-808.255
"Medidor 3 - ICAS","Potencia reactiva L3 (Q3)","var",-1120.148571119992,-4359.4717,0,"2025-04-17T20:45:18.492Z",-767.2385
"Medidor 3 - ICAS","Potencia reactiva L3 (Q3)","var",-1120.148571119992,-4359.4717,0,"2025-04-17T20:46:18.581Z",-767.6282
"Medidor 3 - ICAS","Potencia reactiva L3 (Q3)","var",-1120.148571119992,-4359.4717,0,"2025-04-17T20:47:18.663Z",-2830.6733
"Medidor 3 - ICAS","Potencia reactiva L3 (Q3)","var",-1120.148571119992,-4359.4717,0,"2025-04-17T20:48:18.767Z",-2289.0278
"Medidor 3 - ICAS","Potencia reactiva L3 (Q3)","var",-1120.148571119992,-4359.4717,0,"2025-04-17T20:49:18.849Z",-3077.0723
"Medidor 3 - ICAS","Potencia reactiva L3 (Q3)","var",-1120.148571119992,-4359.4717,0,"2025-04-17T20:50:18.955Z",-2702.8672
"Medidor 3 - ICAS","Potencia reactiva L3 (Q3)","var",-1120.148571119992,-4359.4717,0,"2025-04-17T20:51:19.039Z",-3175.0159
"Medidor 3 - ICAS","Potencia reactiva L3 (Q3)","var",-1120.148571119992,-4359.4717,0,"2025-04-17T20:52:19.144Z",-3063.0496
"Medidor 3 - ICAS","Potencia reactiva L3 (Q3)","var",-1120.148571119992,-4359.4717,0,"2025-04-17T20:53:19.258Z",-1074.6041
"Medidor 3 - ICAS","Potencia reactiva L3 (Q3)","var",-1120.148571119992,-4359.4717,0,"2025-04-17T20:54:19.348Z",-2977.0459
"Medidor 3 - ICAS","Potencia reactiva L3 (Q3)","var",-1120.148571119992,-4359.4717,0,"2025-04-17T20:55:19.452Z",-1484.4819
"Medidor 3 - ICAS","Potencia reactiva L3 (Q3)","var",-1120.148571119992,-4359.4717,0,"2025-04-17T20:56:19.566Z",-1048.7303
"Medidor 3 - ICAS","Potencia reactiva L3 (Q3)","var",-1120.148571119992,-4359.4717,0,"2025-04-17T20:57:19.659Z",-1031.7271
"Medidor 3 - ICAS","Potencia reactiva L3 (Q3)","var",-1120.148571119992,-4359.4717,0,"2025-04-17T20:58:19.759Z",-971.2333
"Medidor 3 - ICAS","Potencia reactiva L3 (Q3)","var",-1120.148571119992,-4359.4717,0,"2025-04-17T20:59:19.833Z",-995.668
"Medidor 3 - ICAS","Potencia reactiva L3 (Q3)","var",-1120.148571119992,-4359.4717,0,"2025-04-17T21:00:19.936Z",-885.6165
"Medidor 3 - ICAS","Potencia reactiva L3 (Q3)","var",-1120.148571119992,-4359.4717,0,"2025-04-17T21:01:20.018Z",-945.8076
"Medidor 3 - ICAS","Potencia reactiva L3 (Q3)","var",-1120.148571119992,-4359.4717,0,"2025-04-17T21:02:20.092Z",-947.6379
"Medidor 3 - ICAS","Potencia reactiva L3 (Q3)","var",-1120.148571119992,-4359.4717,0,"2025-04-17T21:03:20.178Z",-980.382
"Medidor 3 - ICAS","Potencia reactiva L3 (Q3)","var",-1120.148571119992,-4359.4717,0,"2025-04-17T21:04:20.316Z",-974.573
"Medidor 3 - ICAS","Potencia reactiva L3 (Q3)","var",-1120.148571119992,-4359.4717,0,"2025-04-17T21:05:20.355Z",-1028.1591
"Medidor 3 - ICAS","Potencia reactiva L3 (Q3)","var",-1120.148571119992,-4359.4717,0,"2025-04-17T21:06:20.453Z",-1172.2224
"Medidor 3 - ICAS","Potencia reactiva L3 (Q3)","var",-1120.148571119992,-4359.4717,0,"2025-04-17T21:07:20.543Z",-2854.8794
"Medidor 3 - ICAS","Potencia reactiva L3 (Q3)","var",-1120.148571119992,-4359.4717,0,"2025-04-17T21:08:20.631Z",-1378.4629
"Medidor 3 - ICAS","Potencia reactiva L3 (Q3)","var",-1120.148571119992,-4359.4717,0,"2025-04-17T21:09:20.731Z",-1131.2996
"Medidor 3 - ICAS","Potencia reactiva L3 (Q3)","var",-1120.148571119992,-4359.4717,0,"2025-04-17T21:10:20.825Z",-1320.459
"Medidor 3 - ICAS","Potencia reactiva L3 (Q3)","var",-1120.148571119992,-4359.4717,0,"2025-04-17T21:11:20.905Z",-2183.5649
"Medidor 3 - ICAS","Potencia reactiva L3 (Q3)","var",-1120.148571119992,-4359.4717,0,"2025-04-17T21:12:20.992Z",-3101.6733
"Medidor 3 - ICAS","Potencia reactiva L3 (Q3)","var",-1120.148571119992,-4359.4717,0,"2025-04-17T21:13:21.057Z",-1237.4243
"Medidor 3 - ICAS","Potencia reactiva L3 (Q3)","var",-1120.148571119992,-4359.4717,0,"2025-04-17T21:14:21.184Z",-1143.1814
"Medidor 3 - ICAS","Potencia reactiva L3 (Q3)","var",-1120.148571119992,-4359.4717,0,"2025-04-17T21:15:21.224Z",-1005.1221
"Medidor 3 - ICAS","Potencia reactiva L3 (Q3)","var",-1120.148571119992,-4359.4717,0,"2025-04-17T21:16:21.356Z",-925.1123
"Medidor 3 - ICAS","Potencia reactiva L3 (Q3)","var",-1120.148571119992,-4359.4717,0,"2025-04-17T21:17:21.437Z",-976.1425
"Medidor 3 - ICAS","Potencia reactiva L3 (Q3)","var",-1120.148571119992,-4359.4717,0,"2025-04-17T21:18:21.478Z",-976.1824
"Medidor 3 - ICAS","Potencia reactiva L3 (Q3)","var",-1120.148571119992,-4359.4717,0,"2025-04-17T21:19:21.569Z",-919.2899
"Medidor 3 - ICAS","Potencia reactiva L3 (Q3)","var",-1120.148571119992,-4359.4717,0,"2025-04-17T21:20:21.664Z",-861.657
"Medidor 3 - ICAS","Potencia reactiva L3 (Q3)","var",-1120.148571119992,-4359.4717,0,"2025-04-17T21:21:21.760Z",-882.4285
"Medidor 3 - ICAS","Potencia reactiva L3 (Q3)","var",-1120.148571119992,-4359.4717,0,"2025-04-17T21:22:21.884Z",-900.569
"Medidor 3 - ICAS","Potencia reactiva L3 (Q3)","var",-1120.148571119992,-4359.4717,0,"2025-04-17T21:23:21.963Z",-889.6317
"Medidor 3 - ICAS","Potencia reactiva L3 (Q3)","var",-1120.148571119992,-4359.4717,0,"2025-04-17T21:24:22.006Z",-867.8473
"Medidor 3 - ICAS","Potencia reactiva L3 (Q3)","var",-1120.148571119992,-4359.4717,0,"2025-04-17T21:25:22.117Z",-832.5863
"Medidor 3 - ICAS","Potencia reactiva L3 (Q3)","var",-1120.148571119992,-4359.4717,0,"2025-04-17T21:26:22.173Z",-1270.6525
"Medidor 3 - ICAS","Potencia reactiva L3 (Q3)","var",-1120.148571119992,-4359.4717,0,"2025-04-17T21:27:22.301Z",-793.8752
"Medidor 3 - ICAS","Potencia reactiva L3 (Q3)","var",-1120.148571119992,-4359.4717,0,"2025-04-17T21:28:22.426Z",-787.8086
"Medidor 3 - ICAS","Potencia reactiva L3 (Q3)","var",-1120.148571119992,-4359.4717,0,"2025-04-17T21:29:22.524Z",-736.9813
"Medidor 3 - ICAS","Potencia reactiva L3 (Q3)","var",-1120.148571119992,-4359.4717,0,"2025-04-17T21:30:22.586Z",-757.0089
"Medidor 3 - ICAS","Potencia reactiva L3 (Q3)","var",-1120.148571119992,-4359.4717,0,"2025-04-17T21:31:22.684Z",-732.946
"Medidor 3 - ICAS","Potencia reactiva L3 (Q3)","var",-1120.148571119992,-4359.4717,0,"2025-04-17T21:32:22.786Z",-749.7156
"Medidor 3 - ICAS","Potencia reactiva L3 (Q3)","var",-1120.148571119992,-4359.4717,0,"2025-04-17T21:33:22.882Z",-803.9178
"Medidor 3 - ICAS","Potencia reactiva L3 (Q3)","var",-1120.148571119992,-4359.4717,0,"2025-04-17T21:34:22.987Z",-789.3799
"Medidor 3 - ICAS","Potencia reactiva L3 (Q3)","var",-1120.148571119992,-4359.4717,0,"2025-04-17T21:35:23.039Z",-821.5176
"Medidor 3 - ICAS","Potencia reactiva L3 (Q3)","var",-1120.148571119992,-4359.4717,0,"2025-04-17T21:36:23.165Z",-784.9255
"Medidor 3 - ICAS","Potencia reactiva L3 (Q3)","var",-1120.148571119992,-4359.4717,0,"2025-04-17T21:37:23.276Z",-809.3179
"Medidor 3 - ICAS","Potencia reactiva L3 (Q3)","var",-1120.148571119992,-4359.4717,0,"2025-04-17T21:38:23.364Z",-840.6507
"Medidor 3 - ICAS","Potencia reactiva L3 (Q3)","var",-1120.148571119992,-4359.4717,0,"2025-04-17T21:39:23.407Z",-844.6619
"Medidor 3 - ICAS","Potencia reactiva L3 (Q3)","var",-1120.148571119992,-4359.4717,0,"2025-04-17T21:40:23.522Z",-835.6641
"Medidor 3 - ICAS","Potencia reactiva L3 (Q3)","var",-1120.148571119992,-4359.4717,0,"2025-04-17T21:41:23.556Z",-847.3745
"Medidor 3 - ICAS","Potencia reactiva L3 (Q3)","var",-1120.148571119992,-4359.4717,0,"2025-04-17T21:42:23.670Z",-845.7803
"Medidor 3 - ICAS","Potencia reactiva L3 (Q3)","var",-1120.148571119992,-4359.4717,0,"2025-04-17T21:43:23.739Z",-884.1859
"Medidor 3 - ICAS","Potencia reactiva L3 (Q3)","var",-1120.148571119992,-4359.4717,0,"2025-04-17T21:44:23.787Z",-853.7891
"Medidor 3 - ICAS","Potencia reactiva L3 (Q3)","var",-1120.148571119992,-4359.4717,0,"2025-04-17T21:45:23.912Z",-897.5544
"Medidor 3 - ICAS","Potencia reactiva L3 (Q3)","var",-1120.148571119992,-4359.4717,0,"2025-04-17T21:46:23.954Z",-922.7544
"Medidor 3 - ICAS","Potencia reactiva L3 (Q3)","var",-1120.148571119992,-4359.4717,0,"2025-04-17T21:47:24.033Z",-855.8022
"Medidor 3 - ICAS","Potencia reactiva L3 (Q3)","var",-1120.148571119992,-4359.4717,0,"2025-04-17T21:48:24.139Z",-846.2074
"Medidor 3 - ICAS","Potencia reactiva L3 (Q3)","var",-1120.148571119992,-4359.4717,0,"2025-04-17T21:49:24.212Z",-863.8394
"Medidor 3 - ICAS","Potencia reactiva L3 (Q3)","var",-1120.148571119992,-4359.4717,0,"2025-04-17T21:50:24.304Z",-874.6711
"Medidor 3 - ICAS","Potencia reactiva L3 (Q3)","var",-1120.148571119992,-4359.4717,0,"2025-04-17T21:51:24.386Z",-892.993
"Medidor 3 - ICAS","Potencia reactiva L3 (Q3)","var",-1120.148571119992,-4359.4717,0,"2025-04-17T21:52:24.428Z",-900.9872
"Medidor 3 - ICAS","Potencia reactiva L3 (Q3)","var",-1120.148571119992,-4359.4717,0,"2025-04-17T21:53:24.503Z",-928.5333
"Medidor 3 - ICAS","Potencia reactiva L3 (Q3)","var",-1120.148571119992,-4359.4717,0,"2025-04-17T21:54:24.626Z",-2274.2505
"Medidor 3 - ICAS","Potencia reactiva L3 (Q3)","var",-1120.148571119992,-4359.4717,0,"2025-04-17T21:55:24.716Z",-1057.0581
"Medidor 3 - ICAS","Potencia reactiva L3 (Q3)","var",-1120.148571119992,-4359.4717,0,"2025-04-17T21:56:24.761Z",-981.0682
"Medidor 3 - ICAS","Potencia reactiva L3 (Q3)","var",-1120.148571119992,-4359.4717,0,"2025-04-17T21:57:24.827Z",-1189.8513
"Medidor 3 - ICAS","Potencia reactiva L3 (Q3)","var",-1120.148571119992,-4359.4717,0,"2025-04-17T21:58:24.920Z",-887.9446
"Medidor 3 - ICAS","Potencia reactiva L3 (Q3)","var",-1120.148571119992,-4359.4717,0,"2025-04-17T21:59:24.993Z",-861.7173
"Medidor 3 - ICAS","Potencia reactiva L3 (Q3)","var",-1120.148571119992,-4359.4717,0,"2025-04-17T22:00:25.051Z",-918.0142
"Medidor 3 - ICAS","Potencia reactiva L3 (Q3)","var",-1120.148571119992,-4359.4717,0,"2025-04-17T22:01:25.160Z",-878.4738
"Medidor 3 - ICAS","Potencia reactiva L3 (Q3)","var",-1120.148571119992,-4359.4717,0,"2025-04-17T22:02:25.299Z",-876.8027
"Medidor 3 - ICAS","Potencia reactiva L3 (Q3)","var",-1120.148571119992,-4359.4717,0,"2025-04-17T22:03:25.360Z",-795.5097
"Medidor 3 - ICAS","Potencia reactiva L3 (Q3)","var",-1120.148571119992,-4359.4717,0,"2025-04-17T22:04:25.470Z",-771.0941
"Medidor 3 - ICAS","Potencia reactiva L3 (Q3)","var",-1120.148571119992,-4359.4717,0,"2025-04-17T22:05:25.566Z",-793.6543
"Medidor 3 - ICAS","Potencia reactiva L3 (Q3)","var",-1120.148571119992,-4359.4717,0,"2025-04-17T22:06:25.600Z",-748.212
"Medidor 3 - ICAS","Potencia reactiva L3 (Q3)","var",-1120.148571119992,-4359.4717,0,"2025-04-17T22:07:25.677Z",-786.233
"Medidor 3 - ICAS","Potencia reactiva L3 (Q3)","var",-1120.148571119992,-4359.4717,0,"2025-04-17T22:08:25.796Z",-797.7094
"Medidor 3 - ICAS","Potencia reactiva L3 (Q3)","var",-1120.148571119992,-4359.4717,0,"2025-04-17T22:09:25.875Z",-825.4186
"Medidor 3 - ICAS","Potencia reactiva L3 (Q3)","var",-1120.148571119992,-4359.4717,0,"2025-04-17T22:10:25.991Z",-797.7203
"Medidor 3 - ICAS","Potencia reactiva L3 (Q3)","var",-1120.148571119992,-4359.4717,0,"2025-04-17T22:11:26.044Z",-845.8581
"Medidor 3 - ICAS","Potencia reactiva L3 (Q3)","var",-1120.148571119992,-4359.4717,0,"2025-04-17T22:12:26.068Z",-795.3244
"Medidor 3 - ICAS","Potencia reactiva L3 (Q3)","var",-1120.148571119992,-4359.4717,0,"2025-04-17T22:13:26.152Z",-839.4607
"Medidor 3 - ICAS","Potencia reactiva L3 (Q3)","var",-1120.148571119992,-4359.4717,0,"2025-04-17T22:14:26.236Z",-773.2095
"Medidor 3 - ICAS","Potencia reactiva L3 (Q3)","var",-1120.148571119992,-4359.4717,0,"2025-04-17T22:15:26.330Z",-712.5494
"Medidor 3 - ICAS","Potencia reactiva L3 (Q3)","var",-1120.148571119992,-4359.4717,0,"2025-04-17T22:16:26.429Z",-737.8572
"Medidor 3 - ICAS","Potencia reactiva L3 (Q3)","var",-1120.148571119992,-4359.4717,0,"2025-04-17T22:17:26.510Z",-752.1171
"Medidor 3 - ICAS","Potencia reactiva L3 (Q3)","var",-1120.148571119992,-4359.4717,0,"2025-04-17T22:18:26.561Z",-776.9847
"Medidor 3 - ICAS","Potencia reactiva L3 (Q3)","var",-1120.148571119992,-4359.4717,0,"2025-04-17T22:19:26.663Z",-782.8545
"Medidor 3 - ICAS","Potencia reactiva L3 (Q3)","var",-1120.148571119992,-4359.4717,0,"2025-04-17T22:20:26.752Z",-742.3414
"Medidor 3 - ICAS","Potencia reactiva L3 (Q3)","var",-1120.148571119992,-4359.4717,0,"2025-04-17T22:21:26.787Z",-677.1899
"Medidor 3 - ICAS","Potencia reactiva L3 (Q3)","var",-1120.148571119992,-4359.4717,0,"2025-04-17T22:22:26.850Z",-676.6306
"Medidor 3 - ICAS","Potencia reactiva L3 (Q3)","var",-1120.148571119992,-4359.4717,0,"2025-04-17T22:23:26.977Z",-683.8684
"Medidor 3 - ICAS","Potencia reactiva L3 (Q3)","var",-1120.148571119992,-4359.4717,0,"2025-04-17T22:24:27.076Z",-650.4108
"Medidor 3 - ICAS","Potencia reactiva L3 (Q3)","var",-1120.148571119992,-4359.4717,0,"2025-04-17T22:25:27.147Z",-641.6766
"Medidor 3 - ICAS","Potencia reactiva L3 (Q3)","var",-1120.148571119992,-4359.4717,0,"2025-04-17T22:26:27.254Z",-693.0457
"Medidor 3 - ICAS","Potencia reactiva L3 (Q3)","var",-1120.148571119992,-4359.4717,0,"2025-04-17T22:27:27.356Z",-643.0177
"Medidor 3 - ICAS","Potencia reactiva L3 (Q3)","var",-1120.148571119992,-4359.4717,0,"2025-04-17T22:28:27.458Z",-658.6804
"Medidor 3 - ICAS","Potencia reactiva L3 (Q3)","var",-1120.148571119992,-4359.4717,0,"2025-04-17T22:29:27.510Z",-675.5372
"Medidor 3 - ICAS","Potencia reactiva L3 (Q3)","var",-1120.148571119992,-4359.4717,0,"2025-04-17T22:30:27.574Z",-650.2017