"Device","Measurement","Unit","Average","Minimum","Maximum","Timestamp","Value"
"Medidor 4 - ICAS","Potencia activa L1","W",-2304.9958068086544,-12354.7422,-0.8583,"2025-02-06T10:22:27.208Z",-735.3004
"Medidor 4 - ICAS","Potencia activa L1","W",-2304.9958068086544,-12354.7422,-0.8583,"2025-02-06T10:23:27.203Z",-1467.9995
"Medidor 4 - ICAS","Potencia activa L1","W",-2304.9958068086544,-12354.7422,-0.8583,"2025-02-06T10:24:27.317Z",-1351.9921
"Medidor 4 - ICAS","Potencia activa L1","W",-2304.9958068086544,-12354.7422,-0.8583,"2025-02-06T10:25:27.390Z",-555.2325
"Medidor 4 - ICAS","Potencia activa L1","W",-2304.9958068086544,-12354.7422,-0.8583,"2025-02-06T10:26:27.565Z",-550.4628
"Medidor 4 - ICAS","Potencia activa L1","W",-2304.9958068086544,-12354.7422,-0.8583,"2025-02-06T10:27:27.575Z",-550.9352
"Medidor 4 - ICAS","Potencia activa L1","W",-2304.9958068086544,-12354.7422,-0.8583,"2025-02-06T10:28:27.710Z",-768.8678
"Medidor 4 - ICAS","Potencia activa L1","W",-2304.9958068086544,-12354.7422,-0.8583,"2025-02-06T10:29:27.729Z",-1268.0258
"Medidor 4 - ICAS","Potencia activa L1","W",-2304.9958068086544,-12354.7422,-0.8583,"2025-02-06T10:30:27.909Z",-1185.9187
"Medidor 4 - ICAS","Potencia activa L1","W",-2304.9958068086544,-12354.7422,-0.8583,"2025-02-06T10:31:27.967Z",-573.0853
"Medidor 4 - ICAS","Potencia activa L1","W",-2304.9958068086544,-12354.7422,-0.8583,"2025-02-06T10:32:28.088Z",-567.9968
"Medidor 4 - ICAS","Potencia activa L1","W",-2304.9958068086544,-12354.7422,-0.8583,"2025-02-06T10:33:28.124Z",-564.8111
"Medidor 4 - ICAS","Potencia activa L1","W",-2304.9958068086544,-12354.7422,-0.8583,"2025-02-06T10:34:28.223Z",-566.0852
"Medidor 4 - ICAS","Potencia activa L1","W",-2304.9958068086544,-12354.7422,-0.8583,"2025-02-06T10:35:28.372Z",-1236.677
"Medidor 4 - ICAS","Potencia activa L1","W",-2304.9958068086544,-12354.7422,-0.8583,"2025-02-06T10:36:28.351Z",-572.6061
"Medidor 4 - ICAS","Potencia activa L1","W",-2304.9958068086544,-12354.7422,-0.8583,"2025-02-06T10:37:28.559Z",-549.3292
"Medidor 4 - ICAS","Potencia activa L1","W",-2304.9958068086544,-12354.7422,-0.8583,"2025-02-06T10:38:28.593Z",-771.9885
"Medidor 4 - ICAS","Potencia activa L1","W",-2304.9958068086544,-12354.7422,-0.8583,"2025-02-06T10:39:28.665Z",-717.2252
"Medidor 4 - ICAS","Potencia activa L1","W",-2304.9958068086544,-12354.7422,-0.8583,"2025-02-06T10:40:28.751Z",-726.2025
"Medidor 4 - ICAS","Potencia activa L1","W",-2304.9958068086544,-12354.7422,-0.8583,"2025-02-06T10:41:28.921Z",-1262.9161
"Medidor 4 - ICAS","Potencia activa L1","W",-2304.9958068086544,-12354.7422,-0.8583,"2025-02-06T10:42:28.909Z",-607.9914
"Medidor 4 - ICAS","Potencia activa L1","W",-2304.9958068086544,-12354.7422,-0.8583,"2025-02-06T10:43:29.050Z",-613.4779
"Medidor 4 - ICAS","Potencia activa L1","W",-2304.9958068086544,-12354.7422,-0.8583,"2025-02-06T10:44:29.133Z",-591.5095
"Medidor 4 - ICAS","Potencia activa L1","W",-2304.9958068086544,-12354.7422,-0.8583,"2025-02-06T10:45:29.248Z",-592.2385
"Medidor 4 - ICAS","Potencia activa L1","W",-2304.9958068086544,-12354.7422,-0.8583,"2025-02-06T10:46:29.377Z",-769.7169
"Medidor 4 - ICAS","Potencia activa L1","W",-2304.9958068086544,-12354.7422,-0.8583,"2025-02-06T10:47:29.428Z",-1405.476
"Medidor 4 - ICAS","Potencia activa L1","W",-2304.9958068086544,-12354.7422,-0.8583,"2025-02-06T10:48:29.506Z",-943.0078
"Medidor 4 - ICAS","Potencia activa L1","W",-2304.9958068086544,-12354.7422,-0.8583,"2025-02-06T10:49:29.624Z",-943.1479
"Medidor 4 - ICAS","Potencia activa L1","W",-2304.9958068086544,-12354.7422,-0.8583,"2025-02-06T10:50:29.759Z",-939.3008
"Medidor 4 - ICAS","Potencia activa L1","W",-2304.9958068086544,-12354.7422,-0.8583,"2025-02-06T10:51:29.890Z",-764.6624
"Medidor 4 - ICAS","Potencia activa L1","W",-2304.9958068086544,-12354.7422,-0.8583,"2025-02-06T10:52:29.939Z",-1444.4014
"Medidor 4 - ICAS","Potencia activa L1","W",-2304.9958068086544,-12354.7422,-0.8583,"2025-02-06T10:53:30.107Z",-767.4734
"Medidor 4 - ICAS","Potencia activa L1","W",-2304.9958068086544,-12354.7422,-0.8583,"2025-02-06T10:54:30.167Z",-754.3689
"Medidor 4 - ICAS","Potencia activa L1","W",-2304.9958068086544,-12354.7422,-0.8583,"2025-02-06T10:55:30.271Z",-752.2729
"Medidor 4 - ICAS","Potencia activa L1","W",-2304.9958068086544,-12354.7422,-0.8583,"2025-02-06T10:56:30.429Z",-763.2864
"Medidor 4 - ICAS","Potencia activa L1","W",-2304.9958068086544,-12354.7422,-0.8583,"2025-02-06T10:57:30.462Z",-750.5218
"Medidor 4 - ICAS","Potencia activa L1","W",-2304.9958068086544,-12354.7422,-0.8583,"2025-02-06T10:58:30.565Z",-1458.7317
"Medidor 4 - ICAS","Potencia activa L1","W",-2304.9958068086544,-12354.7422,-0.8583,"2025-02-06T10:59:30.715Z",-1557.7135
"Medidor 4 - ICAS","Potencia activa L1","W",-2304.9958068086544,-12354.7422,-0.8583,"2025-02-06T11:00:30.785Z",-953.7448
"Medidor 4 - ICAS","Potencia activa L1","W",-2304.9958068086544,-12354.7422,-0.8583,"2025-02-06T11:01:30.857Z",-829.2249
"Medidor 4 - ICAS","Potencia activa L1","W",-2304.9958068086544,-12354.7422,-0.8583,"2025-02-06T11:02:30.933Z",-792.8306
"Medidor 4 - ICAS","Potencia activa L1","W",-2304.9958068086544,-12354.7422,-0.8583,"2025-02-06T11:03:30.983Z",-796.3281
"Medidor 4 - ICAS","Potencia activa L1","W",-2304.9958068086544,-12354.7422,-0.8583,"2025-02-06T11:04:31.150Z",-1517.3109
"Medidor 4 - ICAS","Potencia activa L1","W",-2304.9958068086544,-12354.7422,-0.8583,"2025-02-06T11:05:31.187Z",-1419.3704
"Medidor 4 - ICAS","Potencia activa L1","W",-2304.9958068086544,-12354.7422,-0.8583,"2025-02-06T11:06:31.347Z",-739.097
"Medidor 4 - ICAS","Potencia activa L1","W",-2304.9958068086544,-12354.7422,-0.8583,"2025-02-06T11:07:31.402Z",-735.9083
"Medidor 4 - ICAS","Potencia activa L1","W",-2304.9958068086544,-12354.7422,-0.8583,"2025-02-06T11:08:31.437Z",-739.8063
"Medidor 4 - ICAS","Potencia activa L1","W",-2304.9958068086544,-12354.7422,-0.8583,"2025-02-06T11:09:31.493Z",-941.6802
"Medidor 4 - ICAS","Potencia activa L1","W",-2304.9958068086544,-12354.7422,-0.8583,"2025-02-06T11:10:31.618Z",-1431.6088
"Medidor 4 - ICAS","Potencia activa L1","W",-2304.9958068086544,-12354.7422,-0.8583,"2025-02-06T11:11:31.645Z",-1335.532
"Medidor 4 - ICAS","Potencia activa L1","W",-2304.9958068086544,-12354.7422,-0.8583,"2025-02-06T11:12:31.742Z",-724.4226
"Medidor 4 - ICAS","Potencia activa L1","W",-2304.9958068086544,-12354.7422,-0.8583,"2025-02-06T11:13:31.811Z",-725.1553
"Medidor 4 - ICAS","Potencia activa L1","W",-2304.9958068086544,-12354.7422,-0.8583,"2025-02-06T11:14:31.862Z",-725.8752
"Medidor 4 - ICAS","Potencia activa L1","W",-2304.9958068086544,-12354.7422,-0.8583,"2025-02-06T11:15:31.937Z",-723.4764
"Medidor 4 - ICAS","Potencia activa L1","W",-2304.9958068086544,-12354.7422,-0.8583,"2025-02-06T11:16:32.083Z",-1447.9847
"Medidor 4 - ICAS","Potencia activa L1","W",-2304.9958068086544,-12354.7422,-0.8583,"2025-02-06T11:17:32.178Z",-1349.2725
"Medidor 4 - ICAS","Potencia activa L1","W",-2304.9958068086544,-12354.7422,-0.8583,"2025-02-06T11:18:32.185Z",-914.5983
"Medidor 4 - ICAS","Potencia activa L1","W",-2304.9958068086544,-12354.7422,-0.8583,"2025-02-06T11:19:32.170Z",-907.2006
"Medidor 4 - ICAS","Potencia activa L1","W",-2304.9958068086544,-12354.7422,-0.8583,"2025-02-06T11:20:32.263Z",-743.4704
"Medidor 4 - ICAS","Potencia activa L1","W",-2304.9958068086544,-12354.7422,-0.8583,"2025-02-06T11:21:32.335Z",-1474.9963
"Medidor 4 - ICAS","Potencia activa L1","W",-2304.9958068086544,-12354.7422,-0.8583,"2025-02-06T11:22:32.379Z",-1537.1674
"Medidor 4 - ICAS","Potencia activa L1","W",-2304.9958068086544,-12354.7422,-0.8583,"2025-02-06T11:23:32.525Z",-917.2074
"Medidor 4 - ICAS","Potencia activa L1","W",-2304.9958068086544,-12354.7422,-0.8583,"2025-02-06T11:24:32.563Z",-739.9551
"Medidor 4 - ICAS","Potencia activa L1","W",-2304.9958068086544,-12354.7422,-0.8583,"2025-02-06T11:25:32.633Z",-724.4772
"Medidor 4 - ICAS","Potencia activa L1","W",-2304.9958068086544,-12354.7422,-0.8583,"2025-02-06T11:26:32.789Z",-722.3859
"Medidor 4 - ICAS","Potencia activa L1","W",-2304.9958068086544,-12354.7422,-0.8583,"2025-02-06T11:27:32.847Z",-1405.6946
"Medidor 4 - ICAS","Potencia activa L1","W",-2304.9958068086544,-12354.7422,-0.8583,"2025-02-06T11:28:32.878Z",-742.7046
"Medidor 4 - ICAS","Potencia activa L1","W",-2304.9958068086544,-12354.7422,-0.8583,"2025-02-06T11:29:32.939Z",-739.2846
"Medidor 4 - ICAS","Potencia activa L1","W",-2304.9958068086544,-12354.7422,-0.8583,"2025-02-06T11:30:33.088Z",-955.7321
"Medidor 4 - ICAS","Potencia activa L1","W",-2304.9958068086544,-12354.7422,-0.8583,"2025-02-06T11:31:33.150Z",-741.4957
"Medidor 4 - ICAS","Potencia activa L1","W",-2304.9958068086544,-12354.7422,-0.8583,"2025-02-06T11:32:33.289Z",-747.1552
"Medidor 4 - ICAS","Potencia activa L1","W",-2304.9958068086544,-12354.7422,-0.8583,"2025-02-06T11:33:33.323Z",-1385.7644
"Medidor 4 - ICAS","Potencia activa L1","W",-2304.9958068086544,-12354.7422,-0.8583,"2025-02-06T11:34:33.431Z",-756.0764
"Medidor 4 - ICAS","Potencia activa L1","W",-2304.9958068086544,-12354.7422,-0.8583,"2025-02-06T11:35:33.415Z",-750.5889
"Medidor 4 - ICAS","Potencia activa L1","W",-2304.9958068086544,-12354.7422,-0.8583,"2025-02-06T11:36:33.610Z",-760.2188
"Medidor 4 - ICAS","Potencia activa L1","W",-2304.9958068086544,-12354.7422,-0.8583,"2025-02-06T11:37:33.647Z",-787.7681
"Medidor 4 - ICAS","Potencia activa L1","W",-2304.9958068086544,-12354.7422,-0.8583,"2025-02-06T11:38:33.800Z",-782.3326
"Medidor 4 - ICAS","Potencia activa L1","W",-2304.9958068086544,-12354.7422,-0.8583,"2025-02-06T11:39:33.812Z",-1443.379
"Medidor 4 - ICAS","Potencia activa L1","W",-2304.9958068086544,-12354.7422,-0.8583,"2025-02-06T11:40:33.970Z",-1173.6885
"Medidor 4 - ICAS","Potencia activa L1","W",-2304.9958068086544,-12354.7422,-0.8583,"2025-02-06T11:41:34.029Z",-951.2714
"Medidor 4 - ICAS","Potencia activa L1","W",-2304.9958068086544,-12354.7422,-0.8583,"2025-02-06T11:42:34.117Z",-1001.4092
"Medidor 4 - ICAS","Potencia activa L1","W",-2304.9958068086544,-12354.7422,-0.8583,"2025-02-06T11:43:34.128Z",-827.1522
"Medidor 4 - ICAS","Potencia activa L1","W",-2304.9958068086544,-12354.7422,-0.8583,"2025-02-06T11:44:34.285Z",-829.0667
"Medidor 4 - ICAS","Potencia activa L1","W",-2304.9958068086544,-12354.7422,-0.8583,"2025-02-06T11:45:34.404Z",-1498.2302
"Medidor 4 - ICAS","Potencia activa L1","W",-2304.9958068086544,-12354.7422,-0.8583,"2025-02-06T11:46:34.393Z",-792.6144
"Medidor 4 - ICAS","Potencia activa L1","W",-2304.9958068086544,-12354.7422,-0.8583,"2025-02-06T11:47:34.526Z",-795.9235
"Medidor 4 - ICAS","Potencia activa L1","W",-2304.9958068086544,-12354.7422,-0.8583,"2025-02-06T11:48:34.581Z",-796.7689
"Medidor 4 - ICAS","Potencia activa L1","W",-2304.9958068086544,-12354.7422,-0.8583,"2025-02-06T11:49:34.700Z",-798.3363
"Medidor 4 - ICAS","Potencia activa L1","W",-2304.9958068086544,-12354.7422,-0.8583,"2025-02-06T11:50:34.846Z",-1791.8889
"Medidor 4 - ICAS","Potencia activa L1","W",-2304.9958068086544,-12354.7422,-0.8583,"2025-02-06T11:51:34.834Z",-1457.9531
"Medidor 4 - ICAS","Potencia activa L1","W",-2304.9958068086544,-12354.7422,-0.8583,"2025-02-06T11:52:34.966Z",-967.0508
"Medidor 4 - ICAS","Potencia activa L1","W",-2304.9958068086544,-12354.7422,-0.8583,"2025-02-06T11:53:35.034Z",-964.7848
"Medidor 4 - ICAS","Potencia activa L1","W",-2304.9958068086544,-12354.7422,-0.8583,"2025-02-06T11:54:35.134Z",-1136.8158
"Medidor 4 - ICAS","Potencia activa L1","W",-2304.9958068086544,-12354.7422,-0.8583,"2025-02-06T11:55:35.220Z",-1891.7178
"Medidor 4 - ICAS","Potencia activa L1","W",-2304.9958068086544,-12354.7422,-0.8583,"2025-02-06T11:56:35.352Z",-965.1273
"Medidor 4 - ICAS","Potencia activa L1","W",-2304.9958068086544,-12354.7422,-0.8583,"2025-02-06T11:57:35.398Z",-1645.1646
"Medidor 4 - ICAS","Potencia activa L1","W",-2304.9958068086544,-12354.7422,-0.8583,"2025-02-06T11:58:35.456Z",-1536.6278
"Medidor 4 - ICAS","Potencia activa L1","W",-2304.9958068086544,-12354.7422,-0.8583,"2025-02-06T11:59:35.591Z",-1905.2944
"Medidor 4 - ICAS","Potencia activa L1","W",-2304.9958068086544,-12354.7422,-0.8583,"2025-02-06T12:00:35.698Z",-1347.0586
"Medidor 4 - ICAS","Potencia activa L1","W",-2304.9958068086544,-12354.7422,-0.8583,"2025-02-06T12:01:35.727Z",-1941.234
"Medidor 4 - ICAS","Potencia activa L1","W",-2304.9958068086544,-12354.7422,-0.8583,"2025-02-06T12:02:35.866Z",-937.4799
"Medidor 4 - ICAS","Potencia activa L1","W",-2304.9958068086544,-12354.7422,-0.8583,"2025-02-06T12:03:35.922Z",-938.5499
"Medidor 4 - ICAS","Potencia activa L1","W",-2304.9958068086544,-12354.7422,-0.8583,"2025-02-06T12:04:35.992Z",-1622.8107
"Medidor 4 - ICAS","Potencia activa L1","W",-2304.9958068086544,-12354.7422,-0.8583,"2025-02-06T12:05:36.056Z",-1526.6699
"Medidor 4 - ICAS","Potencia activa L1","W",-2304.9958068086544,-12354.7422,-0.8583,"2025-02-06T12:06:36.256Z",-954.871
"Medidor 4 - ICAS","Potencia activa L1","W",-2304.9958068086544,-12354.7422,-0.8583,"2025-02-06T12:07:36.264Z",-894.6377
"Medidor 4 - ICAS","Potencia activa L1","W",-2304.9958068086544,-12354.7422,-0.8583,"2025-02-06T12:08:36.413Z",-903.1766
"Medidor 4 - ICAS","Potencia activa L1","W",-2304.9958068086544,-12354.7422,-0.8583,"2025-02-06T12:09:36.457Z",-893.8311
"Medidor 4 - ICAS","Potencia activa L1","W",-2304.9958068086544,-12354.7422,-0.8583,"2025-02-06T12:10:36.590Z",-1557.1486
"Medidor 4 - ICAS","Potencia activa L1","W",-2304.9958068086544,-12354.7422,-0.8583,"2025-02-06T12:11:36.699Z",-853.6489
"Medidor 4 - ICAS","Potencia activa L1","W",-2304.9958068086544,-12354.7422,-0.8583,"2025-02-06T12:12:36.749Z",-848.0682
"Medidor 4 - ICAS","Potencia activa L1","W",-2304.9958068086544,-12354.7422,-0.8583,"2025-02-06T12:13:36.890Z",-827.1341
"Medidor 4 - ICAS","Potencia activa L1","W",-2304.9958068086544,-12354.7422,-0.8583,"2025-02-06T12:14:36.996Z",-1534.3169
"Medidor 4 - ICAS","Potencia activa L1","W",-2304.9958068086544,-12354.7422,-0.8583,"2025-02-06T12:15:37.058Z",-823.1315
"Medidor 4 - ICAS","Potencia activa L1","W",-2304.9958068086544,-12354.7422,-0.8583,"2025-02-06T12:16:37.169Z",-1512.291
"Medidor 4 - ICAS","Potencia activa L1","W",-2304.9958068086544,-12354.7422,-0.8583,"2025-02-06T12:17:37.266Z",-1397.6006
"Medidor 4 - ICAS","Potencia activa L1","W",-2304.9958068086544,-12354.7422,-0.8583,"2025-02-06T12:18:37.299Z",-765.922
"Medidor 4 - ICAS","Potencia activa L1","W",-2304.9958068086544,-12354.7422,-0.8583,"2025-02-06T12:19:37.442Z",-747.088
"Medidor 4 - ICAS","Potencia activa L1","W",-2304.9958068086544,-12354.7422,-0.8583,"2025-02-06T12:20:37.506Z",-917.7261
"Medidor 4 - ICAS","Potencia activa L1","W",-2304.9958068086544,-12354.7422,-0.8583,"2025-02-06T12:21:37.586Z",-935.4857
"Medidor 4 - ICAS","Potencia activa L1","W",-2304.9958068086544,-12354.7422,-0.8583,"2025-02-06T12:22:37.734Z",-1446.6887
"Medidor 4 - ICAS","Potencia activa L1","W",-2304.9958068086544,-12354.7422,-0.8583,"2025-02-06T12:23:37.731Z",-1544.3184
"Medidor 4 - ICAS","Potencia activa L1","W",-2304.9958068086544,-12354.7422,-0.8583,"2025-02-06T12:24:37.922Z",-744.8294
"Medidor 4 - ICAS","Potencia activa L1","W",-2304.9958068086544,-12354.7422,-0.8583,"2025-02-06T12:25:38.057Z",-765.9629
"Medidor 4 - ICAS","Potencia activa L1","W",-2304.9958068086544,-12354.7422,-0.8583,"2025-02-06T12:26:38.121Z",-1195.2943
"Medidor 4 - ICAS","Potencia activa L1","W",-2304.9958068086544,-12354.7422,-0.8583,"2025-02-06T12:27:38.172Z",-1193.3774
"Medidor 4 - ICAS","Potencia activa L1","W",-2304.9958068086544,-12354.7422,-0.8583,"2025-02-06T12:28:38.274Z",-2757.3025
"Medidor 4 - ICAS","Potencia activa L1","W",-2304.9958068086544,-12354.7422,-0.8583,"2025-02-06T12:29:38.367Z",-1355.2456
"Medidor 4 - ICAS","Potencia activa L1","W",-2304.9958068086544,-12354.7422,-0.8583,"2025-02-06T12:30:38.470Z",-2161.4158
"Medidor 4 - ICAS","Potencia activa L1","W",-2304.9958068086544,-12354.7422,-0.8583,"2025-02-06T12:31:38.538Z",-1347.1002
"Medidor 4 - ICAS","Potencia activa L1","W",-2304.9958068086544,-12354.7422,-0.8583,"2025-02-06T12:32:38.653Z",-1187.9982
"Medidor 4 - ICAS","Potencia activa L1","W",-2304.9958068086544,-12354.7422,-0.8583,"2025-02-06T12:33:38.751Z",-1189.9562
"Medidor 4 - ICAS","Potencia activa L1","W",-2304.9958068086544,-12354.7422,-0.8583,"2025-02-06T12:34:38.827Z",-1864.5135
"Medidor 4 - ICAS","Potencia activa L1","W",-2304.9958068086544,-12354.7422,-0.8583,"2025-02-06T12:35:38.830Z",-1521.5569
"Medidor 4 - ICAS","Potencia activa L1","W",-2304.9958068086544,-12354.7422,-0.8583,"2025-02-06T12:36:38.977Z",-756.7247
"Medidor 4 - ICAS","Potencia activa L1","W",-2304.9958068086544,-12354.7422,-0.8583,"2025-02-06T12:37:39.033Z",-1528.5911
"Medidor 4 - ICAS","Potencia activa L1","W",-2304.9958068086544,-12354.7422,-0.8583,"2025-02-06T12:38:39.149Z",-751.2246
"Medidor 4 - ICAS","Potencia activa L1","W",-2304.9958068086544,-12354.7422,-0.8583,"2025-02-06T12:39:39.228Z",-742.8647
"Medidor 4 - ICAS","Potencia activa L1","W",-2304.9958068086544,-12354.7422,-0.8583,"2025-02-06T12:40:39.318Z",-1387.0836
"Medidor 4 - ICAS","Potencia activa L1","W",-2304.9958068086544,-12354.7422,-0.8583,"2025-02-06T12:41:39.402Z",-1685.1279
"Medidor 4 - ICAS","Potencia activa L1","W",-2304.9958068086544,-12354.7422,-0.8583,"2025-02-06T12:42:39.570Z",-917.2009
"Medidor 4 - ICAS","Potencia activa L1","W",-2304.9958068086544,-12354.7422,-0.8583,"2025-02-06T12:43:39.585Z",-821.2068
"Medidor 4 - ICAS","Potencia activa L1","W",-2304.9958068086544,-12354.7422,-0.8583,"2025-02-06T12:44:39.670Z",-815.235
"Medidor 4 - ICAS","Potencia activa L1","W",-2304.9958068086544,-12354.7422,-0.8583,"2025-02-06T12:45:39.819Z",-1529.8438
"Medidor 4 - ICAS","Potencia activa L1","W",-2304.9958068086544,-12354.7422,-0.8583,"2025-02-06T12:46:39.873Z",-1512.7651
"Medidor 4 - ICAS","Potencia activa L1","W",-2304.9958068086544,-12354.7422,-0.8583,"2025-02-06T12:47:39.961Z",-840.5279
"Medidor 4 - ICAS","Potencia activa L1","W",-2304.9958068086544,-12354.7422,-0.8583,"2025-02-06T12:48:40.135Z",-825.9699
"Medidor 4 - ICAS","Potencia activa L1","W",-2304.9958068086544,-12354.7422,-0.8583,"2025-02-06T12:49:40.221Z",-825.1828
"Medidor 4 - ICAS","Potencia activa L1","W",-2304.9958068086544,-12354.7422,-0.8583,"2025-02-06T12:50:40.319Z",-1513.3948
"Medidor 4 - ICAS","Potencia activa L1","W",-2304.9958068086544,-12354.7422,-0.8583,"2025-02-06T12:51:40.372Z",-833.1697
"Medidor 4 - ICAS","Potencia activa L1","W",-2304.9958068086544,-12354.7422,-0.8583,"2025-02-06T12:52:40.475Z",-1980.8762
"Medidor 4 - ICAS","Potencia activa L1","W",-2304.9958068086544,-12354.7422,-0.8583,"2025-02-06T12:53:40.587Z",-1426.6641
"Medidor 4 - ICAS","Potencia activa L1","W",-2304.9958068086544,-12354.7422,-0.8583,"2025-02-06T12:54:40.657Z",-1605.6726
"Medidor 4 - ICAS","Potencia activa L1","W",-2304.9958068086544,-12354.7422,-0.8583,"2025-02-06T12:55:40.630Z",-985.4127
"Medidor 4 - ICAS","Potencia activa L1","W",-2304.9958068086544,-12354.7422,-0.8583,"2025-02-06T12:56:40.745Z",-1203.5511
"Medidor 4 - ICAS","Potencia activa L1","W",-2304.9958068086544,-12354.7422,-0.8583,"2025-02-06T12:57:40.883Z",-1134.5557
"Medidor 4 - ICAS","Potencia activa L1","W",-2304.9958068086544,-12354.7422,-0.8583,"2025-02-06T12:58:40.884Z",-814.3149
"Medidor 4 - ICAS","Potencia activa L1","W",-2304.9958068086544,-12354.7422,-0.8583,"2025-02-06T12:59:40.999Z",-2271.2617
"Medidor 4 - ICAS","Potencia activa L1","W",-2304.9958068086544,-12354.7422,-0.8583,"2025-02-06T13:00:41.060Z",-843.7637
"Medidor 4 - ICAS","Potencia activa L1","W",-2304.9958068086544,-12354.7422,-0.8583,"2025-02-06T13:01:41.192Z",-862.4797
"Medidor 4 - ICAS","Potencia activa L1","W",-2304.9958068086544,-12354.7422,-0.8583,"2025-02-06T13:02:41.232Z",-1027.1376
"Medidor 4 - ICAS","Potencia activa L1","W",-2304.9958068086544,-12354.7422,-0.8583,"2025-02-06T13:03:41.351Z",-1835.7336
"Medidor 4 - ICAS","Potencia activa L1","W",-2304.9958068086544,-12354.7422,-0.8583,"2025-02-06T13:04:41.412Z",-1725.7827
"Medidor 4 - ICAS","Potencia activa L1","W",-2304.9958068086544,-12354.7422,-0.8583,"2025-02-06T13:05:41.461Z",-2242.2922
"Medidor 4 - ICAS","Potencia activa L1","W",-2304.9958068086544,-12354.7422,-0.8583,"2025-02-06T13:06:41.616Z",-1082.2871
"Medidor 4 - ICAS","Potencia activa L1","W",-2304.9958068086544,-12354.7422,-0.8583,"2025-02-06T13:07:41.710Z",-855.7248
"Medidor 4 - ICAS","Potencia activa L1","W",-2304.9958068086544,-12354.7422,-0.8583,"2025-02-06T13:08:41.786Z",-807.499
"Medidor 4 - ICAS","Potencia activa L1","W",-2304.9958068086544,-12354.7422,-0.8583,"2025-02-06T13:09:41.914Z",-3867.6934
"Medidor 4 - ICAS","Potencia activa L1","W",-2304.9958068086544,-12354.7422,-0.8583,"2025-02-06T13:10:41.970Z",-3367.1277
"Medidor 4 - ICAS","Potencia activa L1","W",-2304.9958068086544,-12354.7422,-0.8583,"2025-02-06T13:11:41.995Z",-3995.8298
"Medidor 4 - ICAS","Potencia activa L1","W",-2304.9958068086544,-12354.7422,-0.8583,"2025-02-06T13:12:42.112Z",-4518.707
"Medidor 4 - ICAS","Potencia activa L1","W",-2304.9958068086544,-12354.7422,-0.8583,"2025-02-06T13:13:42.139Z",-3348.6624
"Medidor 4 - ICAS","Potencia activa L1","W",-2304.9958068086544,-12354.7422,-0.8583,"2025-02-06T13:14:42.291Z",-3333.6821
"Medidor 4 - ICAS","Potencia activa L1","W",-2304.9958068086544,-12354.7422,-0.8583,"2025-02-06T13:15:42.363Z",-4050.291
"Medidor 4 - ICAS","Potencia activa L1","W",-2304.9958068086544,-12354.7422,-0.8583,"2025-02-06T13:16:42.357Z",-3330.1492
"Medidor 4 - ICAS","Potencia activa L1","W",-2304.9958068086544,-12354.7422,-0.8583,"2025-02-06T13:17:42.475Z",-3962.2825
"Medidor 4 - ICAS","Potencia activa L1","W",-2304.9958068086544,-12354.7422,-0.8583,"2025-02-06T13:18:42.623Z",-3273.8889
"Medidor 4 - ICAS","Potencia activa L1","W",-2304.9958068086544,-12354.7422,-0.8583,"2025-02-06T13:19:42.644Z",-3259.7781
"Medidor 4 - ICAS","Potencia activa L1","W",-2304.9958068086544,-12354.7422,-0.8583,"2025-02-06T13:20:42.791Z",-3250.7761
"Medidor 4 - ICAS","Potencia activa L1","W",-2304.9958068086544,-12354.7422,-0.8583,"2025-02-06T13:21:42.790Z",-3277.3606
"Medidor 4 - ICAS","Potencia activa L1","W",-2304.9958068086544,-12354.7422,-0.8583,"2025-02-06T13:22:42.911Z",-4428.873
"Medidor 4 - ICAS","Potencia activa L1","W",-2304.9958068086544,-12354.7422,-0.8583,"2025-02-06T13:23:43.001Z",-3949.7913
"Medidor 4 - ICAS","Potencia activa L1","W",-2304.9958068086544,-12354.7422,-0.8583,"2025-02-06T13:24:43.070Z",-4014.9207
"Medidor 4 - ICAS","Potencia activa L1","W",-2304.9958068086544,-12354.7422,-0.8583,"2025-02-06T13:25:43.133Z",-3350.855
"Medidor 4 - ICAS","Potencia activa L1","W",-2304.9958068086544,-12354.7422,-0.8583,"2025-02-06T13:26:43.225Z",-3300.6174
"Medidor 4 - ICAS","Potencia activa L1","W",-2304.9958068086544,-12354.7422,-0.8583,"2025-02-06T13:27:43.269Z",-3339.5933
"Medidor 4 - ICAS","Potencia activa L1","W",-2304.9958068086544,-12354.7422,-0.8583,"2025-02-06T13:28:43.430Z",-3193.0508
"Medidor 4 - ICAS","Potencia activa L1","W",-2304.9958068086544,-12354.7422,-0.8583,"2025-02-06T13:29:43.516Z",-3890.801
"Medidor 4 - ICAS","Potencia activa L1","W",-2304.9958068086544,-12354.7422,-0.8583,"2025-02-06T13:30:43.628Z",-3794.0601
"Medidor 4 - ICAS","Potencia activa L1","W",-2304.9958068086544,-12354.7422,-0.8583,"2025-02-06T13:31:43.673Z",-3488.6753
"Medidor 4 - ICAS","Potencia activa L1","W",-2304.9958068086544,-12354.7422,-0.8583,"2025-02-06T13:32:43.710Z",-3493.0854
"Medidor 4 - ICAS","Potencia activa L1","W",-2304.9958068086544,-12354.7422,-0.8583,"2025-02-06T13:33:43.806Z",-4265.3779
"Medidor 4 - ICAS","Potencia activa L1","W",-2304.9958068086544,-12354.7422,-0.8583,"2025-02-06T13:34:43.883Z",-3521.2244
"Medidor 4 - ICAS","Potencia activa L1","W",-2304.9958068086544,-12354.7422,-0.8583,"2025-02-06T13:35:43.987Z",-3503.5989
"Medidor 4 - ICAS","Potencia activa L1","W",-2304.9958068086544,-12354.7422,-0.8583,"2025-02-06T13:36:43.972Z",-4179.8853
"Medidor 4 - ICAS","Potencia activa L1","W",-2304.9958068086544,-12354.7422,-0.8583,"2025-02-06T13:37:44.064Z",-3332.5723
"Medidor 4 - ICAS","Potencia activa L1","W",-2304.9958068086544,-12354.7422,-0.8583,"2025-02-06T13:38:44.184Z",-3356.1804
"Medidor 4 - ICAS","Potencia activa L1","W",-2304.9958068086544,-12354.7422,-0.8583,"2025-02-06T13:39:44.324Z",-4042.1824
"Medidor 4 - ICAS","Potencia activa L1","W",-2304.9958068086544,-12354.7422,-0.8583,"2025-02-06T13:40:44.450Z",-3811.4741
"Medidor 4 - ICAS","Potencia activa L1","W",-2304.9958068086544,-12354.7422,-0.8583,"2025-02-06T13:41:44.502Z",-4085.4482
"Medidor 4 - ICAS","Potencia activa L1","W",-2304.9958068086544,-12354.7422,-0.8583,"2025-02-06T13:42:44.538Z",-3992.7175
"Medidor 4 - ICAS","Potencia activa L1","W",-2304.9958068086544,-12354.7422,-0.8583,"2025-02-06T13:43:44.598Z",-3387.4683
"Medidor 4 - ICAS","Potencia activa L1","W",-2304.9958068086544,-12354.7422,-0.8583,"2025-02-06T13:44:44.704Z",-3441.5752
"Medidor 4 - ICAS","Potencia activa L1","W",-2304.9958068086544,-12354.7422,-0.8583,"2025-02-06T13:45:44.833Z",-3498.7739
"Medidor 4 - ICAS","Potencia activa L1","W",-2304.9958068086544,-12354.7422,-0.8583,"2025-02-06T13:46:44.884Z",-3470.178
"Medidor 4 - ICAS","Potencia activa L1","W",-2304.9958068086544,-12354.7422,-0.8583,"2025-02-06T13:47:45.011Z",-4194.041
"Medidor 4 - ICAS","Potencia activa L1","W",-2304.9958068086544,-12354.7422,-0.8583,"2025-02-06T13:48:45.103Z",-4289.3926
"Medidor 4 - ICAS","Potencia activa L1","W",-2304.9958068086544,-12354.7422,-0.8583,"2025-02-06T13:49:45.209Z",-3303.7417
"Medidor 4 - ICAS","Potencia activa L1","W",-2304.9958068086544,-12354.7422,-0.8583,"2025-02-06T13:50:45.340Z",-3298.2131
"Medidor 4 - ICAS","Potencia activa L1","W",-2304.9958068086544,-12354.7422,-0.8583,"2025-02-06T13:51:45.379Z",-3303.0669
"Medidor 4 - ICAS","Potencia activa L1","W",-2304.9958068086544,-12354.7422,-0.8583,"2025-02-06T13:52:45.455Z",-3310.438
"Medidor 4 - ICAS","Potencia activa L1","W",-2304.9958068086544,-12354.7422,-0.8583,"2025-02-06T13:53:45.489Z",-3966.3652
"Medidor 4 - ICAS","Potencia activa L1","W",-2304.9958068086544,-12354.7422,-0.8583,"2025-02-06T13:54:45.673Z",-3301.2441
"Medidor 4 - ICAS","Potencia activa L1","W",-2304.9958068086544,-12354.7422,-0.8583,"2025-02-06T13:55:45.707Z",-3523.5105
"Medidor 4 - ICAS","Potencia activa L1","W",-2304.9958068086544,-12354.7422,-0.8583,"2025-02-06T13:56:45.816Z",-4214.8149
"Medidor 4 - ICAS","Potencia activa L1","W",-2304.9958068086544,-12354.7422,-0.8583,"2025-02-06T13:57:45.873Z",-3485.3147
"Medidor 4 - ICAS","Potencia activa L1","W",-2304.9958068086544,-12354.7422,-0.8583,"2025-02-06T13:58:45.996Z",-4224.1704
"Medidor 4 - ICAS","Potencia activa L1","W",-2304.9958068086544,-12354.7422,-0.8583,"2025-02-06T13:59:46.132Z",-4120.2388
"Medidor 4 - ICAS","Potencia activa L1","W",-2304.9958068086544,-12354.7422,-0.8583,"2025-02-06T14:00:46.262Z",-4184.104
"Medidor 4 - ICAS","Potencia activa L1","W",-2304.9958068086544,-12354.7422,-0.8583,"2025-02-06T14:01:46.292Z",-3478.2803
"Medidor 4 - ICAS","Potencia activa L1","W",-2304.9958068086544,-12354.7422,-0.8583,"2025-02-06T14:02:46.418Z",-3650.8022
"Medidor 4 - ICAS","Potencia activa L1","W",-2304.9958068086544,-12354.7422,-0.8583,"2025-02-06T14:03:46.426Z",-3659.6758
"Medidor 4 - ICAS","Potencia activa L1","W",-2304.9958068086544,-12354.7422,-0.8583,"2025-02-06T14:04:46.607Z",-4373.7725
"Medidor 4 - ICAS","Potencia activa L1","W",-2304.9958068086544,-12354.7422,-0.8583,"2025-02-06T14:05:46.662Z",-4228.8657
"Medidor 4 - ICAS","Potencia activa L1","W",-2304.9958068086544,-12354.7422,-0.8583,"2025-02-06T14:06:46.779Z",-3632.9138
"Medidor 4 - ICAS","Potencia activa L1","W",-2304.9958068086544,-12354.7422,-0.8583,"2025-02-06T14:07:46.841Z",-3827.0547
"Medidor 4 - ICAS","Potencia activa L1","W",-2304.9958068086544,-12354.7422,-0.8583,"2025-02-06T14:08:46.960Z",-3771.2104
"Medidor 4 - ICAS","Potencia activa L1","W",-2304.9958068086544,-12354.7422,-0.8583,"2025-02-06T14:09:47.045Z",-3968.9258
"Medidor 4 - ICAS","Potencia activa L1","W",-2304.9958068086544,-12354.7422,-0.8583,"2025-02-06T14:10:47.149Z",-4479.1333
"Medidor 4 - ICAS","Potencia activa L1","W",-2304.9958068086544,-12354.7422,-0.8583,"2025-02-06T14:11:47.187Z",-4523.0137
"Medidor 4 - ICAS","Potencia activa L1","W",-2304.9958068086544,-12354.7422,-0.8583,"2025-02-06T14:12:47.312Z",-3718.5068
"Medidor 4 - ICAS","Potencia activa L1","W",-2304.9958068086544,-12354.7422,-0.8583,"2025-02-06T14:13:47.382Z",-3718.0813
"Medidor 4 - ICAS","Potencia activa L1","W",-2304.9958068086544,-12354.7422,-0.8583,"2025-02-06T14:14:47.431Z",-3731.1187
"Medidor 4 - ICAS","Potencia activa L1","W",-2304.9958068086544,-12354.7422,-0.8583,"2025-02-06T14:15:47.526Z",-4464.3477
"Medidor 4 - ICAS","Potencia activa L1","W",-2304.9958068086544,-12354.7422,-0.8583,"2025-02-06T14:16:47.670Z",-3590.5981
"Medidor 4 - ICAS","Potencia activa L1","W",-2304.9958068086544,-12354.7422,-0.8583,"2025-02-06T14:17:47.758Z",-3820.7031
"Medidor 4 - ICAS","Potencia activa L1","W",-2304.9958068086544,-12354.7422,-0.8583,"2025-02-06T14:18:47.818Z",-4013.3914
"Medidor 4 - ICAS","Potencia activa L1","W",-2304.9958068086544,-12354.7422,-0.8583,"2025-02-06T14:19:47.922Z",-3625.9155
"Medidor 4 - ICAS","Potencia activa L1","W",-2304.9958068086544,-12354.7422,-0.8583,"2025-02-06T14:20:48.010Z",-4283.6919
"Medidor 4 - ICAS","Potencia activa L1","W",-2304.9958068086544,-12354.7422,-0.8583,"2025-02-06T14:21:48.161Z",-4203.6445
"Medidor 4 - ICAS","Potencia activa L1","W",-2304.9958068086544,-12354.7422,-0.8583,"2025-02-06T14:22:48.181Z",-3581.5881
"Medidor 4 - ICAS","Potencia activa L1","W",-2304.9958068086544,-12354.7422,-0.8583,"2025-02-06T14:23:48.237Z",-3590.335
"Medidor 4 - ICAS","Potencia activa L1","W",-2304.9958068086544,-12354.7422,-0.8583,"2025-02-06T14:24:48.319Z",-3598.1433
"Medidor 4 - ICAS","Potencia activa L1","W",-2304.9958068086544,-12354.7422,-0.8583,"2025-02-06T14:25:48.499Z",-3572.2139
"Medidor 4 - ICAS","Potencia activa L1","W",-2304.9958068086544,-12354.7422,-0.8583,"2025-02-06T14:26:48.482Z",-1990.6504
"Medidor 4 - ICAS","Potencia activa L1","W",-2304.9958068086544,-12354.7422,-0.8583,"2025-02-06T14:27:48.595Z",-2085.6147
"Medidor 4 - ICAS","Potencia activa L1","W",-2304.9958068086544,-12354.7422,-0.8583,"2025-02-06T14:28:48.618Z",-1493.0559
"Medidor 4 - ICAS","Potencia activa L1","W",-2304.9958068086544,-12354.7422,-0.8583,"2025-02-06T14:29:48.779Z",-2207.1658
"Medidor 4 - ICAS","Potencia activa L1","W",-2304.9958068086544,-12354.7422,-0.8583,"2025-02-06T14:30:48.889Z",-1508.6216
"Medidor 4 - ICAS","Potencia activa L1","W",-2304.9958068086544,-12354.7422,-0.8583,"2025-02-06T14:31:48.971Z",-1562.0386
"Medidor 4 - ICAS","Potencia activa L1","W",-2304.9958068086544,-12354.7422,-0.8583,"2025-02-06T14:32:49.036Z",-2287.1047
"Medidor 4 - ICAS","Potencia activa L1","W",-2304.9958068086544,-12354.7422,-0.8583,"2025-02-06T14:33:49.069Z",-2042.7715
"Medidor 4 - ICAS","Potencia activa L1","W",-2304.9958068086544,-12354.7422,-0.8583,"2025-02-06T14:34:49.237Z",-1620.918
"Medidor 4 - ICAS","Potencia activa L1","W",-2304.9958068086544,-12354.7422,-0.8583,"2025-02-06T14:35:49.254Z",-1613.5859
"Medidor 4 - ICAS","Potencia activa L1","W",-2304.9958068086544,-12354.7422,-0.8583,"2025-02-06T14:36:49.423Z",-1829.3301
"Medidor 4 - ICAS","Potencia activa L1","W",-2304.9958068086544,-12354.7422,-0.8583,"2025-02-06T14:37:49.437Z",-2384.7432
"Medidor 4 - ICAS","Potencia activa L1","W",-2304.9958068086544,-12354.7422,-0.8583,"2025-02-06T14:38:49.563Z",-2256.6223
"Medidor 4 - ICAS","Potencia activa L1","W",-2304.9958068086544,-12354.7422,-0.8583,"2025-02-06T14:39:49.716Z",-1455.2168
"Medidor 4 - ICAS","Potencia activa L1","W",-2304.9958068086544,-12354.7422,-0.8583,"2025-02-06T14:40:49.717Z",-1452.4047
"Medidor 4 - ICAS","Potencia activa L1","W",-2304.9958068086544,-12354.7422,-0.8583,"2025-02-06T14:41:49.894Z",-1603.4128
"Medidor 4 - ICAS","Potencia activa L1","W",-2304.9958068086544,-12354.7422,-0.8583,"2025-02-06T14:42:49.941Z",-2337.7859
"Medidor 4 - ICAS","Potencia activa L1","W",-2304.9958068086544,-12354.7422,-0.8583,"2025-02-06T14:43:50.008Z",-2200.3279
"Medidor 4 - ICAS","Potencia activa L1","W",-2304.9958068086544,-12354.7422,-0.8583,"2025-02-06T14:44:50.055Z",-1877.7557
"Medidor 4 - ICAS","Potencia activa L1","W",-2304.9958068086544,-12354.7422,-0.8583,"2025-02-06T14:45:50.115Z",-1691.1199
"Medidor 4 - ICAS","Potencia activa L1","W",-2304.9958068086544,-12354.7422,-0.8583,"2025-02-06T14:46:50.311Z",-1853.4352
"Medidor 4 - ICAS","Potencia activa L1","W",-2304.9958068086544,-12354.7422,-0.8583,"2025-02-06T14:47:50.403Z",-2649.3916
"Medidor 4 - ICAS","Potencia activa L1","W",-2304.9958068086544,-12354.7422,-0.8583,"2025-02-06T14:48:50.326Z",-3423.345
"Medidor 4 - ICAS","Potencia activa L1","W",-2304.9958068086544,-12354.7422,-0.8583,"2025-02-06T14:49:50.498Z",-2887.7144
"Medidor 4 - ICAS","Potencia activa L1","W",-2304.9958068086544,-12354.7422,-0.8583,"2025-02-06T14:50:50.646Z",-2238.8525
"Medidor 4 - ICAS","Potencia activa L1","W",-2304.9958068086544,-12354.7422,-0.8583,"2025-02-06T14:51:50.696Z",-2236.9216
"Medidor 4 - ICAS","Potencia activa L1","W",-2304.9958068086544,-12354.7422,-0.8583,"2025-02-06T14:52:50.779Z",-2082.9353
"Medidor 4 - ICAS","Potencia activa L1","W",-2304.9958068086544,-12354.7422,-0.8583,"2025-02-06T14:53:50.921Z",-2085.2046
"Medidor 4 - ICAS","Potencia activa L1","W",-2304.9958068086544,-12354.7422,-0.8583,"2025-02-06T14:54:51.009Z",-2799.1792
"Medidor 4 - ICAS","Potencia activa L1","W",-2304.9958068086544,-12354.7422,-0.8583,"2025-02-06T14:55:51.074Z",-3158.1353
"Medidor 4 - ICAS","Potencia activa L1","W",-2304.9958068086544,-12354.7422,-0.8583,"2025-02-06T14:56:51.104Z",-3539.1362
"Medidor 4 - ICAS","Potencia activa L1","W",-2304.9958068086544,-12354.7422,-0.8583,"2025-02-06T14:57:51.252Z",-3738.9573
"Medidor 4 - ICAS","Potencia activa L1","W",-2304.9958068086544,-12354.7422,-0.8583,"2025-02-06T14:58:51.270Z",-3866.6565
"Medidor 4 - ICAS","Potencia activa L1","W",-2304.9958068086544,-12354.7422,-0.8583,"2025-02-06T14:59:51.457Z",-3999.2007
"Medidor 4 - ICAS","Potencia activa L1","W",-2304.9958068086544,-12354.7422,-0.8583,"2025-02-06T15:00:51.513Z",-4865.1396
"Medidor 4 - ICAS","Potencia activa L1","W",-2304.9958068086544,-12354.7422,-0.8583,"2025-02-06T15:01:51.634Z",-4539.9858
"Medidor 4 - ICAS","Potencia activa L1","W",-2304.9958068086544,-12354.7422,-0.8583,"2025-02-06T15:02:51.700Z",-3978.2256
"Medidor 4 - ICAS","Potencia activa L1","W",-2304.9958068086544,-12354.7422,-0.8583,"2025-02-06T15:03:51.756Z",-4006.4414
"Medidor 4 - ICAS","Potencia activa L1","W",-2304.9958068086544,-12354.7422,-0.8583,"2025-02-06T15:04:51.857Z",-4032.0791
"Medidor 4 - ICAS","Potencia activa L1","W",-2304.9958068086544,-12354.7422,-0.8583,"2025-02-06T15:05:51.916Z",-4048.2107
"Medidor 4 - ICAS","Potencia activa L1","W",-2304.9958068086544,-12354.7422,-0.8583,"2025-02-06T15:06:52.048Z",-4749.3999
"Medidor 4 - ICAS","Potencia activa L1","W",-2304.9958068086544,-12354.7422,-0.8583,"2025-02-06T15:07:52.057Z",-4823.377
"Medidor 4 - ICAS","Potencia activa L1","W",-2304.9958068086544,-12354.7422,-0.8583,"2025-02-06T15:08:52.220Z",-4051.8142
"Medidor 4 - ICAS","Potencia activa L1","W",-2304.9958068086544,-12354.7422,-0.8583,"2025-02-06T15:09:52.281Z",-4038.4119
"Medidor 4 - ICAS","Potencia activa L1","W",-2304.9958068086544,-12354.7422,-0.8583,"2025-02-06T15:10:52.330Z",-4074.4802
"Medidor 4 - ICAS","Potencia activa L1","W",-2304.9958068086544,-12354.7422,-0.8583,"2025-02-06T15:11:52.423Z",-4917.9282
"Medidor 4 - ICAS","Potencia activa L1","W",-2304.9958068086544,-12354.7422,-0.8583,"2025-02-06T15:12:52.597Z",-4019.6313
"Medidor 4 - ICAS","Potencia activa L1","W",-2304.9958068086544,-12354.7422,-0.8583,"2025-02-06T15:13:52.617Z",-4141.2158
"Medidor 4 - ICAS","Potencia activa L1","W",-2304.9958068086544,-12354.7422,-0.8583,"2025-02-06T15:14:52.691Z",-4354.5176
"Medidor 4 - ICAS","Potencia activa L1","W",-2304.9958068086544,-12354.7422,-0.8583,"2025-02-06T15:15:52.797Z",-4886.5391
"Medidor 4 - ICAS","Potencia activa L1","W",-2304.9958068086544,-12354.7422,-0.8583,"2025-02-06T15:16:52.845Z",-4570.645
"Medidor 4 - ICAS","Potencia activa L1","W",-2304.9958068086544,-12354.7422,-0.8583,"2025-02-06T15:17:52.908Z",-3932.3311
"Medidor 4 - ICAS","Potencia activa L1","W",-2304.9958068086544,-12354.7422,-0.8583,"2025-02-06T15:18:53.089Z",-4166.1055
"Medidor 4 - ICAS","Potencia activa L1","W",-2304.9958068086544,-12354.7422,-0.8583,"2025-02-06T15:19:53.130Z",-3956.3716
"Medidor 4 - ICAS","Potencia activa L1","W",-2304.9958068086544,-12354.7422,-0.8583,"2025-02-06T15:20:53.168Z",-4701.3931
"Medidor 4 - ICAS","Potencia activa L1","W",-2304.9958068086544,-12354.7422,-0.8583,"2025-02-06T15:21:53.265Z",-4612.9243
"Medidor 4 - ICAS","Potencia activa L1","W",-2304.9958068086544,-12354.7422,-0.8583,"2025-02-06T15:22:53.343Z",-4004.5684
"Medidor 4 - ICAS","Potencia activa L1","W",-2304.9958068086544,-12354.7422,-0.8583,"2025-02-06T15:23:53.446Z",-4041.0923
"Medidor 4 - ICAS","Potencia activa L1","W",-2304.9958068086544,-12354.7422,-0.8583,"2025-02-06T15:24:53.536Z",-4282.1279
"Medidor 4 - ICAS","Potencia activa L1","W",-2304.9958068086544,-12354.7422,-0.8583,"2025-02-06T15:25:53.605Z",-4678.3696
"Medidor 4 - ICAS","Potencia activa L1","W",-2304.9958068086544,-12354.7422,-0.8583,"2025-02-06T15:26:53.687Z",-4720.9414
"Medidor 4 - ICAS","Potencia activa L1","W",-2304.9958068086544,-12354.7422,-0.8583,"2025-02-06T15:27:53.693Z",-4562.356
"Medidor 4 - ICAS","Potencia activa L1","W",-2304.9958068086544,-12354.7422,-0.8583,"2025-02-06T15:28:53.859Z",-4173.8037
"Medidor 4 - ICAS","Potencia activa L1","W",-2304.9958068086544,-12354.7422,-0.8583,"2025-02-06T15:29:53.902Z",-4192.7056
"Medidor 4 - ICAS","Potencia activa L1","W",-2304.9958068086544,-12354.7422,-0.8583,"2025-02-06T15:30:54.015Z",-4149.2461
"Medidor 4 - ICAS","Potencia activa L1","W",-2304.9958068086544,-12354.7422,-0.8583,"2025-02-06T15:31:54.148Z",-4137.4448
"Medidor 4 - ICAS","Potencia activa L1","W",-2304.9958068086544,-12354.7422,-0.8583,"2025-02-06T15:32:54.110Z",-4839.7861
"Medidor 4 - ICAS","Potencia activa L1","W",-2304.9958068086544,-12354.7422,-0.8583,"2025-02-06T15:33:54.382Z",-4139.6963
"Medidor 4 - ICAS","Potencia activa L1","W",-2304.9958068086544,-12354.7422,-0.8583,"2025-02-06T15:34:54.341Z",-4139.0337
"Medidor 4 - ICAS","Potencia activa L1","W",-2304.9958068086544,-12354.7422,-0.8583,"2025-02-06T15:35:54.517Z",-4351.6616
"Medidor 4 - ICAS","Potencia activa L1","W",-2304.9958068086544,-12354.7422,-0.8583,"2025-02-06T15:36:54.525Z",-5138.7363
"Medidor 4 - ICAS","Potencia activa L1","W",-2304.9958068086544,-12354.7422,-0.8583,"2025-02-06T15:37:54.647Z",-5031.1221
"Medidor 4 - ICAS","Potencia activa L1","W",-2304.9958068086544,-12354.7422,-0.8583,"2025-02-06T15:38:54.792Z",-4755.4365
"Medidor 4 - ICAS","Potencia activa L1","W",-2304.9958068086544,-12354.7422,-0.8583,"2025-02-06T15:39:54.858Z",-6826.2363
"Medidor 4 - ICAS","Potencia activa L1","W",-2304.9958068086544,-12354.7422,-0.8583,"2025-02-06T15:40:54.943Z",-6738.9053
"Medidor 4 - ICAS","Potencia activa L1","W",-2304.9958068086544,-12354.7422,-0.8583,"2025-02-06T15:41:55.006Z",-6754.5537
"Medidor 4 - ICAS","Potencia activa L1","W",-2304.9958068086544,-12354.7422,-0.8583,"2025-02-06T15:42:55.016Z",-7874.3047
"Medidor 4 - ICAS","Potencia activa L1","W",-2304.9958068086544,-12354.7422,-0.8583,"2025-02-06T15:43:55.092Z",-8199.9551
"Medidor 4 - ICAS","Potencia activa L1","W",-2304.9958068086544,-12354.7422,-0.8583,"2025-02-06T15:44:55.210Z",-7441.939
"Medidor 4 - ICAS","Potencia activa L1","W",-2304.9958068086544,-12354.7422,-0.8583,"2025-02-06T15:45:55.318Z",-7351.4707
"Medidor 4 - ICAS","Potencia activa L1","W",-2304.9958068086544,-12354.7422,-0.8583,"2025-02-06T15:46:55.458Z",-7303.936
"Medidor 4 - ICAS","Potencia activa L1","W",-2304.9958068086544,-12354.7422,-0.8583,"2025-02-06T15:47:55.528Z",-9113.0635
"Medidor 4 - ICAS","Potencia activa L1","W",-2304.9958068086544,-12354.7422,-0.8583,"2025-02-06T15:48:55.617Z",-11211.3467
"Medidor 4 - ICAS","Potencia activa L1","W",-2304.9958068086544,-12354.7422,-0.8583,"2025-02-06T15:49:55.666Z",-8306.0303
"Medidor 4 - ICAS","Potencia activa L1","W",-2304.9958068086544,-12354.7422,-0.8583,"2025-02-06T15:50:55.747Z",-8316.4531
"Medidor 4 - ICAS","Potencia activa L1","W",-2304.9958068086544,-12354.7422,-0.8583,"2025-02-06T15:51:55.919Z",-8257.2637
"Medidor 4 - ICAS","Potencia activa L1","W",-2304.9958068086544,-12354.7422,-0.8583,"2025-02-06T15:52:55.974Z",-9024.0723
"Medidor 4 - ICAS","Potencia activa L1","W",-2304.9958068086544,-12354.7422,-0.8583,"2025-02-06T15:53:55.983Z",-9583.5371
"Medidor 4 - ICAS","Potencia activa L1","W",-2304.9958068086544,-12354.7422,-0.8583,"2025-02-06T15:54:56.133Z",-8181.2964
"Medidor 4 - ICAS","Potencia activa L1","W",-2304.9958068086544,-12354.7422,-0.8583,"2025-02-06T15:55:56.242Z",-7709.6689
"Medidor 4 - ICAS","Potencia activa L1","W",-2304.9958068086544,-12354.7422,-0.8583,"2025-02-06T15:56:56.309Z",-7679.4019
"Medidor 4 - ICAS","Potencia activa L1","W",-2304.9958068086544,-12354.7422,-0.8583,"2025-02-06T15:57:56.396Z",-8453.8027
"Medidor 4 - ICAS","Potencia activa L1","W",-2304.9958068086544,-12354.7422,-0.8583,"2025-02-06T15:58:56.526Z",-8949.5547
"Medidor 4 - ICAS","Potencia activa L1","W",-2304.9958068086544,-12354.7422,-0.8583,"2025-02-06T15:59:56.646Z",-7582.3623
"Medidor 4 - ICAS","Potencia activa L1","W",-2304.9958068086544,-12354.7422,-0.8583,"2025-02-06T16:00:56.775Z",-6763.752
"Medidor 4 - ICAS","Potencia activa L1","W",-2304.9958068086544,-12354.7422,-0.8583,"2025-02-06T16:01:56.843Z",-6753.7158
"Medidor 4 - ICAS","Potencia activa L1","W",-2304.9958068086544,-12354.7422,-0.8583,"2025-02-06T16:02:56.857Z",-7485.9077
"Medidor 4 - ICAS","Potencia activa L1","W",-2304.9958068086544,-12354.7422,-0.8583,"2025-02-06T16:03:57.032Z",-7350.627
"Medidor 4 - ICAS","Potencia activa L1","W",-2304.9958068086544,-12354.7422,-0.8583,"2025-02-06T16:04:57.174Z",-6750.689
"Medidor 4 - ICAS","Potencia activa L1","W",-2304.9958068086544,-12354.7422,-0.8583,"2025-02-06T16:05:57.085Z",-6847.1343
"Medidor 4 - ICAS","Potencia activa L1","W",-2304.9958068086544,-12354.7422,-0.8583,"2025-02-06T16:06:57.262Z",-6857.7051
"Medidor 4 - ICAS","Potencia activa L1","W",-2304.9958068086544,-12354.7422,-0.8583,"2025-02-06T16:07:57.350Z",-7398.998
"Medidor 4 - ICAS","Potencia activa L1","W",-2304.9958068086544,-12354.7422,-0.8583,"2025-02-06T16:08:57.446Z",-7319.9995
"Medidor 4 - ICAS","Potencia activa L1","W",-2304.9958068086544,-12354.7422,-0.8583,"2025-02-06T16:09:57.499Z",-6687.2954
"Medidor 4 - ICAS","Potencia activa L1","W",-2304.9958068086544,-12354.7422,-0.8583,"2025-02-06T16:10:57.624Z",-6698.3193
"Medidor 4 - ICAS","Potencia activa L1","W",-2304.9958068086544,-12354.7422,-0.8583,"2025-02-06T16:11:57.679Z",-6695.5737
"Medidor 4 - ICAS","Potencia activa L1","W",-2304.9958068086544,-12354.7422,-0.8583,"2025-02-06T16:12:57.835Z",-7381.998
"Medidor 4 - ICAS","Potencia activa L1","W",-2304.9958068086544,-12354.7422,-0.8583,"2025-02-06T16:13:57.808Z",-7271.748
"Medidor 4 - ICAS","Potencia activa L1","W",-2304.9958068086544,-12354.7422,-0.8583,"2025-02-06T16:14:57.924Z",-6677.6196
"Medidor 4 - ICAS","Potencia activa L1","W",-2304.9958068086544,-12354.7422,-0.8583,"2025-02-06T16:15:57.951Z",-6841.9404
"Medidor 4 - ICAS","Potencia activa L1","W",-2304.9958068086544,-12354.7422,-0.8583,"2025-02-06T16:16:58.071Z",-6957.5605
"Medidor 4 - ICAS","Potencia activa L1","W",-2304.9958068086544,-12354.7422,-0.8583,"2025-02-06T16:17:58.142Z",-7737.5723
"Medidor 4 - ICAS","Potencia activa L1","W",-2304.9958068086544,-12354.7422,-0.8583,"2025-02-06T16:18:58.207Z",-7526.0957
"Medidor 4 - ICAS","Potencia activa L1","W",-2304.9958068086544,-12354.7422,-0.8583,"2025-02-06T16:19:58.345Z",-6755.0444
"Medidor 4 - ICAS","Potencia activa L1","W",-2304.9958068086544,-12354.7422,-0.8583,"2025-02-06T16:20:58.375Z",-7280.9922
"Medidor 4 - ICAS","Potencia activa L1","W",-2304.9958068086544,-12354.7422,-0.8583,"2025-02-06T16:21:58.461Z",-7073.2476
"Medidor 4 - ICAS","Potencia activa L1","W",-2304.9958068086544,-12354.7422,-0.8583,"2025-02-06T16:22:58.486Z",-7055.9551
"Medidor 4 - ICAS","Potencia activa L1","W",-2304.9958068086544,-12354.7422,-0.8583,"2025-02-06T16:23:58.644Z",-7399.0337
"Medidor 4 - ICAS","Potencia activa L1","W",-2304.9958068086544,-12354.7422,-0.8583,"2025-02-06T16:24:58.717Z",-7344.0801
"Medidor 4 - ICAS","Potencia activa L1","W",-2304.9958068086544,-12354.7422,-0.8583,"2025-02-06T16:25:58.781Z",-6669.4458
"Medidor 4 - ICAS","Potencia activa L1","W",-2304.9958068086544,-12354.7422,-0.8583,"2025-02-06T16:26:58.931Z",-6654.6831
"Medidor 4 - ICAS","Potencia activa L1","W",-2304.9958068086544,-12354.7422,-0.8583,"2025-02-06T16:27:58.982Z",-6697.5029
"Medidor 4 - ICAS","Potencia activa L1","W",-2304.9958068086544,-12354.7422,-0.8583,"2025-02-06T16:28:59.076Z",-7424.0503
"Medidor 4 - ICAS","Potencia activa L1","W",-2304.9958068086544,-12354.7422,-0.8583,"2025-02-06T16:29:59.124Z",-7253.2012
"Medidor 4 - ICAS","Potencia activa L1","W",-2304.9958068086544,-12354.7422,-0.8583,"2025-02-06T16:30:59.147Z",-6679.1772
"Medidor 4 - ICAS","Potencia activa L1","W",-2304.9958068086544,-12354.7422,-0.8583,"2025-02-06T16:31:59.293Z",-6658.3125
"Medidor 4 - ICAS","Potencia activa L1","W",-2304.9958068086544,-12354.7422,-0.8583,"2025-02-06T16:32:59.335Z",-6698.9482
"Medidor 4 - ICAS","Potencia activa L1","W",-2304.9958068086544,-12354.7422,-0.8583,"2025-02-06T16:33:59.540Z",-7462.8604
"Medidor 4 - ICAS","Potencia activa L1","W",-2304.9958068086544,-12354.7422,-0.8583,"2025-02-06T16:34:59.546Z",-7332.1602
"Medidor 4 - ICAS","Potencia activa L1","W",-2304.9958068086544,-12354.7422,-0.8583,"2025-02-06T16:35:59.607Z",-6769.3413
"Medidor 4 - ICAS","Potencia activa L1","W",-2304.9958068086544,-12354.7422,-0.8583,"2025-02-06T16:36:59.684Z",-6806.2427
"Medidor 4 - ICAS","Potencia activa L1","W",-2304.9958068086544,-12354.7422,-0.8583,"2025-02-06T16:37:59.808Z",-11150.6592
"Medidor 4 - ICAS","Potencia activa L1","W",-2304.9958068086544,-12354.7422,-0.8583,"2025-02-06T16:38:59.844Z",-8192.2773
"Medidor 4 - ICAS","Potencia activa L1","W",-2304.9958068086544,-12354.7422,-0.8583,"2025-02-06T16:39:59.881Z",-8119.8804
"Medidor 4 - ICAS","Potencia activa L1","W",-2304.9958068086544,-12354.7422,-0.8583,"2025-02-06T16:40:59.974Z",-6972.208
"Medidor 4 - ICAS","Potencia activa L1","W",-2304.9958068086544,-12354.7422,-0.8583,"2025-02-06T16:42:00.122Z",-7131.5469
"Medidor 4 - ICAS","Potencia activa L1","W",-2304.9958068086544,-12354.7422,-0.8583,"2025-02-06T16:43:00.198Z",-10381.8105
"Medidor 4 - ICAS","Potencia activa L1","W",-2304.9958068086544,-12354.7422,-0.8583,"2025-02-06T16:44:00.250Z",-8577.5664
"Medidor 4 - ICAS","Potencia activa L1","W",-2304.9958068086544,-12354.7422,-0.8583,"2025-02-06T16:45:00.372Z",-7556.9424
"Medidor 4 - ICAS","Potencia activa L1","W",-2304.9958068086544,-12354.7422,-0.8583,"2025-02-06T16:46:00.448Z",-6598.5552
"Medidor 4 - ICAS","Potencia activa L1","W",-2304.9958068086544,-12354.7422,-0.8583,"2025-02-06T16:47:00.471Z",-6430.6992
"Medidor 4 - ICAS","Potencia activa L1","W",-2304.9958068086544,-12354.7422,-0.8583,"2025-02-06T16:48:00.482Z",-6447.1733
"Medidor 4 - ICAS","Potencia activa L1","W",-2304.9958068086544,-12354.7422,-0.8583,"2025-02-06T16:49:00.680Z",-7185.7627
"Medidor 4 - ICAS","Potencia activa L1","W",-2304.9958068086544,-12354.7422,-0.8583,"2025-02-06T16:50:00.777Z",-7062.0586
"Medidor 4 - ICAS","Potencia activa L1","W",-2304.9958068086544,-12354.7422,-0.8583,"2025-02-06T16:51:00.749Z",-6449.5386
"Medidor 4 - ICAS","Potencia activa L1","W",-2304.9958068086544,-12354.7422,-0.8583,"2025-02-06T16:52:00.850Z",-6366.8271
"Medidor 4 - ICAS","Potencia activa L1","W",-2304.9958068086544,-12354.7422,-0.8583,"2025-02-06T16:53:00.978Z",-7194.5703
"Medidor 4 - ICAS","Potencia activa L1","W",-2304.9958068086544,-12354.7422,-0.8583,"2025-02-06T16:54:01.156Z",-7230.4961
"Medidor 4 - ICAS","Potencia activa L1","W",-2304.9958068086544,-12354.7422,-0.8583,"2025-02-06T16:55:01.199Z",-7081.291
"Medidor 4 - ICAS","Potencia activa L1","W",-2304.9958068086544,-12354.7422,-0.8583,"2025-02-06T16:56:01.276Z",-6960.8008
"Medidor 4 - ICAS","Potencia activa L1","W",-2304.9958068086544,-12354.7422,-0.8583,"2025-02-06T16:57:01.388Z",-6357.0088
"Medidor 4 - ICAS","Potencia activa L1","W",-2304.9958068086544,-12354.7422,-0.8583,"2025-02-06T16:58:01.445Z",-6376.1621
"Medidor 4 - ICAS","Potencia activa L1","W",-2304.9958068086544,-12354.7422,-0.8583,"2025-02-06T16:59:01.520Z",-6397.1562
"Medidor 4 - ICAS","Potencia activa L1","W",-2304.9958068086544,-12354.7422,-0.8583,"2025-02-06T17:00:01.648Z",-7172.1895
"Medidor 4 - ICAS","Potencia activa L1","W",-2304.9958068086544,-12354.7422,-0.8583,"2025-02-06T17:01:01.595Z",-7015.6958
"Medidor 4 - ICAS","Potencia activa L1","W",-2304.9958068086544,-12354.7422,-0.8583,"2025-02-06T17:02:01.836Z",-6443.3843
"Medidor 4 - ICAS","Potencia activa L1","W",-2304.9958068086544,-12354.7422,-0.8583,"2025-02-06T17:03:01.772Z",-6633.2344
"Medidor 4 - ICAS","Potencia activa L1","W",-2304.9958068086544,-12354.7422,-0.8583,"2025-02-06T17:04:01.973Z",-6803.8682
"Medidor 4 - ICAS","Potencia activa L1","W",-2304.9958068086544,-12354.7422,-0.8583,"2025-02-06T17:05:02.071Z",-8356.584
"Medidor 4 - ICAS","Potencia activa L1","W",-2304.9958068086544,-12354.7422,-0.8583,"2025-02-06T17:06:02.159Z",-8086.334
"Medidor 4 - ICAS","Potencia activa L1","W",-2304.9958068086544,-12354.7422,-0.8583,"2025-02-06T17:07:02.224Z",-7360.4375
"Medidor 4 - ICAS","Potencia activa L1","W",-2304.9958068086544,-12354.7422,-0.8583,"2025-02-06T17:08:02.254Z",-7359.4341
"Medidor 4 - ICAS","Potencia activa L1","W",-2304.9958068086544,-12354.7422,-0.8583,"2025-02-06T17:09:02.306Z",-7509.9941
"Medidor 4 - ICAS","Potencia activa L1","W",-2304.9958068086544,-12354.7422,-0.8583,"2025-02-06T17:10:02.476Z",-8209.7109
"Medidor 4 - ICAS","Potencia activa L1","W",-2304.9958068086544,-12354.7422,-0.8583,"2025-02-06T17:11:02.690Z",-8855.4336
"Medidor 4 - ICAS","Potencia activa L1","W",-2304.9958068086544,-12354.7422,-0.8583,"2025-02-06T17:12:02.748Z",-6890.4844
"Medidor 4 - ICAS","Potencia activa L1","W",-2304.9958068086544,-12354.7422,-0.8583,"2025-02-06T17:13:02.867Z",-6760.2061
"Medidor 4 - ICAS","Potencia activa L1","W",-2304.9958068086544,-12354.7422,-0.8583,"2025-02-06T17:14:02.957Z",-6773.9399
"Medidor 4 - ICAS","Potencia activa L1","W",-2304.9958068086544,-12354.7422,-0.8583,"2025-02-06T17:15:03.093Z",-7117.5889
"Medidor 4 - ICAS","Potencia activa L1","W",-2304.9958068086544,-12354.7422,-0.8583,"2025-02-06T17:16:03.199Z",-7003.957
"Medidor 4 - ICAS","Potencia activa L1","W",-2304.9958068086544,-12354.7422,-0.8583,"2025-02-06T17:17:03.167Z",-6895.9893
"Medidor 4 - ICAS","Potencia activa L1","W",-2304.9958068086544,-12354.7422,-0.8583,"2025-02-06T17:18:03.339Z",-6319.1777
"Medidor 4 - ICAS","Potencia activa L1","W",-2304.9958068086544,-12354.7422,-0.8583,"2025-02-06T17:19:03.406Z",-6381.8789
"Medidor 4 - ICAS","Potencia activa L1","W",-2304.9958068086544,-12354.7422,-0.8583,"2025-02-06T17:20:03.526Z",-6315.2886
"Medidor 4 - ICAS","Potencia activa L1","W",-2304.9958068086544,-12354.7422,-0.8583,"2025-02-06T17:21:03.590Z",-7477.7925
"Medidor 4 - ICAS","Potencia activa L1","W",-2304.9958068086544,-12354.7422,-0.8583,"2025-02-06T17:22:03.708Z",-7082.4199
"Medidor 4 - ICAS","Potencia activa L1","W",-2304.9958068086544,-12354.7422,-0.8583,"2025-02-06T17:23:03.817Z",-7138.7812
"Medidor 4 - ICAS","Potencia activa L1","W",-2304.9958068086544,-12354.7422,-0.8583,"2025-02-06T17:24:03.810Z",-6501.3926
"Medidor 4 - ICAS","Potencia activa L1","W",-2304.9958068086544,-12354.7422,-0.8583,"2025-02-06T17:25:03.915Z",-10168.0273
"Medidor 4 - ICAS","Potencia activa L1","W",-2304.9958068086544,-12354.7422,-0.8583,"2025-02-06T17:26:04.027Z",-7815.8438
"Medidor 4 - ICAS","Potencia activa L1","W",-2304.9958068086544,-12354.7422,-0.8583,"2025-02-06T17:27:04.107Z",-7346.127
"Medidor 4 - ICAS","Potencia activa L1","W",-2304.9958068086544,-12354.7422,-0.8583,"2025-02-06T17:28:04.159Z",-6360.3491
"Medidor 4 - ICAS","Potencia activa L1","W",-2304.9958068086544,-12354.7422,-0.8583,"2025-02-06T17:29:04.215Z",-3979.5237
"Medidor 4 - ICAS","Potencia activa L1","W",-2304.9958068086544,-12354.7422,-0.8583,"2025-02-06T17:30:04.278Z",-4017.2188
"Medidor 4 - ICAS","Potencia activa L1","W",-2304.9958068086544,-12354.7422,-0.8583,"2025-02-06T17:31:04.495Z",-4754.8398
"Medidor 4 - ICAS","Potencia activa L1","W",-2304.9958068086544,-12354.7422,-0.8583,"2025-02-06T17:32:04.534Z",-4705.4097
"Medidor 4 - ICAS","Potencia activa L1","W",-2304.9958068086544,-12354.7422,-0.8583,"2025-02-06T17:33:04.613Z",-4043.9556
"Medidor 4 - ICAS","Potencia activa L1","W",-2304.9958068086544,-12354.7422,-0.8583,"2025-02-06T17:34:04.632Z",-4453.4248
"Medidor 4 - ICAS","Potencia activa L1","W",-2304.9958068086544,-12354.7422,-0.8583,"2025-02-06T17:35:04.746Z",-4076.9958
"Medidor 4 - ICAS","Potencia activa L1","W",-2304.9958068086544,-12354.7422,-0.8583,"2025-02-06T17:36:04.902Z",-4849.2295
"Medidor 4 - ICAS","Potencia activa L1","W",-2304.9958068086544,-12354.7422,-0.8583,"2025-02-06T17:37:04.896Z",-4727.3184
"Medidor 4 - ICAS","Potencia activa L1","W",-2304.9958068086544,-12354.7422,-0.8583,"2025-02-06T17:38:04.940Z",-4778.8477
"Medidor 4 - ICAS","Potencia activa L1","W",-2304.9958068086544,-12354.7422,-0.8583,"2025-02-06T17:39:05.022Z",-4453.5293
"Medidor 4 - ICAS","Potencia activa L1","W",-2304.9958068086544,-12354.7422,-0.8583,"2025-02-06T17:40:05.146Z",-4243.3438
"Medidor 4 - ICAS","Potencia activa L1","W",-2304.9958068086544,-12354.7422,-0.8583,"2025-02-06T17:41:05.259Z",-4873.0513
"Medidor 4 - ICAS","Potencia activa L1","W",-2304.9958068086544,-12354.7422,-0.8583,"2025-02-06T17:42:05.334Z",-5222.9844
"Medidor 4 - ICAS","Potencia activa L1","W",-2304.9958068086544,-12354.7422,-0.8583,"2025-02-06T17:43:05.424Z",-5109.2104
"Medidor 4 - ICAS","Potencia activa L1","W",-2304.9958068086544,-12354.7422,-0.8583,"2025-02-06T17:44:05.587Z",-4305.9336
"Medidor 4 - ICAS","Potencia activa L1","W",-2304.9958068086544,-12354.7422,-0.8583,"2025-02-06T17:45:05.639Z",-4351.624
"Medidor 4 - ICAS","Potencia activa L1","W",-2304.9958068086544,-12354.7422,-0.8583,"2025-02-06T17:46:05.741Z",-4518.9214
"Medidor 4 - ICAS","Potencia activa L1","W",-2304.9958068086544,-12354.7422,-0.8583,"2025-02-06T17:47:05.870Z",-5309.5498
"Medidor 4 - ICAS","Potencia activa L1","W",-2304.9958068086544,-12354.7422,-0.8583,"2025-02-06T17:48:05.950Z",-5423.7969
"Medidor 4 - ICAS","Potencia activa L1","W",-2304.9958068086544,-12354.7422,-0.8583,"2025-02-06T17:49:05.954Z",-4953.8364
"Medidor 4 - ICAS","Potencia activa L1","W",-2304.9958068086544,-12354.7422,-0.8583,"2025-02-06T17:50:06.094Z",-5049.9326
"Medidor 4 - ICAS","Potencia activa L1","W",-2304.9958068086544,-12354.7422,-0.8583,"2025-02-06T17:51:06.189Z",-4424.7485
"Medidor 4 - ICAS","Potencia activa L1","W",-2304.9958068086544,-12354.7422,-0.8583,"2025-02-06T17:52:06.287Z",-4430.1396
"Medidor 4 - ICAS","Potencia activa L1","W",-2304.9958068086544,-12354.7422,-0.8583,"2025-02-06T17:53:06.378Z",-4420.7075
"Medidor 4 - ICAS","Potencia activa L1","W",-2304.9958068086544,-12354.7422,-0.8583,"2025-02-06T17:54:06.456Z",-5175.8052
"Medidor 4 - ICAS","Potencia activa L1","W",-2304.9958068086544,-12354.7422,-0.8583,"2025-02-06T17:55:06.601Z",-5030.5405
"Medidor 4 - ICAS","Potencia activa L1","W",-2304.9958068086544,-12354.7422,-0.8583,"2025-02-06T17:56:06.671Z",-4962.501
"Medidor 4 - ICAS","Potencia activa L1","W",-2304.9958068086544,-12354.7422,-0.8583,"2025-02-06T17:57:06.813Z",-4328.2158
"Medidor 4 - ICAS","Potencia activa L1","W",-2304.9958068086544,-12354.7422,-0.8583,"2025-02-06T17:58:06.903Z",-4367.5952
"Medidor 4 - ICAS","Potencia activa L1","W",-2304.9958068086544,-12354.7422,-0.8583,"2025-02-06T17:59:07.031Z",-4306.998
"Medidor 4 - ICAS","Potencia activa L1","W",-2304.9958068086544,-12354.7422,-0.8583,"2025-02-06T18:00:07.126Z",-4904.8774
"Medidor 4 - ICAS","Potencia activa L1","W",-2304.9958068086544,-12354.7422,-0.8583,"2025-02-06T18:01:07.199Z",-4759.2227
"Medidor 4 - ICAS","Potencia activa L1","W",-2304.9958068086544,-12354.7422,-0.8583,"2025-02-06T18:02:07.274Z",-4703.3486
"Medidor 4 - ICAS","Potencia activa L1","W",-2304.9958068086544,-12354.7422,-0.8583,"2025-02-06T18:03:07.346Z",-4095.3245
"Medidor 4 - ICAS","Potencia activa L1","W",-2304.9958068086544,-12354.7422,-0.8583,"2025-02-06T18:04:07.435Z",-4133.3613
"Medidor 4 - ICAS","Potencia activa L1","W",-2304.9958068086544,-12354.7422,-0.8583,"2025-02-06T18:05:07.534Z",-4067.6443
"Medidor 4 - ICAS","Potencia activa L1","W",-2304.9958068086544,-12354.7422,-0.8583,"2025-02-06T18:06:07.630Z",-4882.5806
"Medidor 4 - ICAS","Potencia activa L1","W",-2304.9958068086544,-12354.7422,-0.8583,"2025-02-06T18:07:07.625Z",-6011.0518
"Medidor 4 - ICAS","Potencia activa L1","W",-2304.9958068086544,-12354.7422,-0.8583,"2025-02-06T18:08:07.757Z",-5043.8257
"Medidor 4 - ICAS","Potencia activa L1","W",-2304.9958068086544,-12354.7422,-0.8583,"2025-02-06T18:09:07.865Z",-4860.7671
"Medidor 4 - ICAS","Potencia activa L1","W",-2304.9958068086544,-12354.7422,-0.8583,"2025-02-06T18:10:07.924Z",-4831.7041
"Medidor 4 - ICAS","Potencia activa L1","W",-2304.9958068086544,-12354.7422,-0.8583,"2025-02-06T18:11:07.967Z",-5602.9414
"Medidor 4 - ICAS","Potencia activa L1","W",-2304.9958068086544,-12354.7422,-0.8583,"2025-02-06T18:12:08.064Z",-5687.1313
"Medidor 4 - ICAS","Potencia activa L1","W",-2304.9958068086544,-12354.7422,-0.8583,"2025-02-06T18:13:08.145Z",-4911.6094
"Medidor 4 - ICAS","Potencia activa L1","W",-2304.9958068086544,-12354.7422,-0.8583,"2025-02-06T18:14:08.262Z",-4798.3306
"Medidor 4 - ICAS","Potencia activa L1","W",-2304.9958068086544,-12354.7422,-0.8583,"2025-02-06T18:15:08.364Z",-5298.9351
"Medidor 4 - ICAS","Potencia activa L1","W",-2304.9958068086544,-12354.7422,-0.8583,"2025-02-06T18:16:08.421Z",-4689.0669
"Medidor 4 - ICAS","Potencia activa L1","W",-2304.9958068086544,-12354.7422,-0.8583,"2025-02-06T18:17:08.553Z",-4600.3228
"Medidor 4 - ICAS","Potencia activa L1","W",-2304.9958068086544,-12354.7422,-0.8583,"2025-02-06T18:18:08.623Z",-3677.8765
"Medidor 4 - ICAS","Potencia activa L1","W",-2304.9958068086544,-12354.7422,-0.8583,"2025-02-06T18:19:08.671Z",-3681.3145
"Medidor 4 - ICAS","Potencia activa L1","W",-2304.9958068086544,-12354.7422,-0.8583,"2025-02-06T18:20:08.810Z",-3718.9146
"Medidor 4 - ICAS","Potencia activa L1","W",-2304.9958068086544,-12354.7422,-0.8583,"2025-02-06T18:21:08.939Z",-4485.7021
"Medidor 4 - ICAS","Potencia activa L1","W",-2304.9958068086544,-12354.7422,-0.8583,"2025-02-06T18:22:08.977Z",-4413.4336
"Medidor 4 - ICAS","Potencia activa L1","W",-2304.9958068086544,-12354.7422,-0.8583,"2025-02-06T18:23:09.049Z",-4620.4233
"Medidor 4 - ICAS","Potencia activa L1","W",-2304.9958068086544,-12354.7422,-0.8583,"2025-02-06T18:24:09.092Z",-3412.9006
"Medidor 4 - ICAS","Potencia activa L1","W",-2304.9958068086544,-12354.7422,-0.8583,"2025-02-06T18:25:09.273Z",-3443.8464
"Medidor 4 - ICAS","Potencia activa L1","W",-2304.9958068086544,-12354.7422,-0.8583,"2025-02-06T18:26:09.382Z",-3249.0598
"Medidor 4 - ICAS","Potencia activa L1","W",-2304.9958068086544,-12354.7422,-0.8583,"2025-02-06T18:27:09.405Z",-4104.4639
"Medidor 4 - ICAS","Potencia activa L1","W",-2304.9958068086544,-12354.7422,-0.8583,"2025-02-06T18:28:09.493Z",-4001.269
"Medidor 4 - ICAS","Potencia activa L1","W",-2304.9958068086544,-12354.7422,-0.8583,"2025-02-06T18:29:09.631Z",-4102.2129
"Medidor 4 - ICAS","Potencia activa L1","W",-2304.9958068086544,-12354.7422,-0.8583,"2025-02-06T18:30:09.659Z",-3629.2324
"Medidor 4 - ICAS","Potencia activa L1","W",-2304.9958068086544,-12354.7422,-0.8583,"2025-02-06T18:31:09.730Z",-3703.3755
"Medidor 4 - ICAS","Potencia activa L1","W",-2304.9958068086544,-12354.7422,-0.8583,"2025-02-06T18:32:09.853Z",-3526.8604
"Medidor 4 - ICAS","Potencia activa L1","W",-2304.9958068086544,-12354.7422,-0.8583,"2025-02-06T18:33:09.888Z",-4514.939
"Medidor 4 - ICAS","Potencia activa L1","W",-2304.9958068086544,-12354.7422,-0.8583,"2025-02-06T18:34:10.025Z",-4118.2866
"Medidor 4 - ICAS","Potencia activa L1","W",-2304.9958068086544,-12354.7422,-0.8583,"2025-02-06T18:35:10.120Z",-4538.2432
"Medidor 4 - ICAS","Potencia activa L1","W",-2304.9958068086544,-12354.7422,-0.8583,"2025-02-06T18:36:10.184Z",-3498.3677
"Medidor 4 - ICAS","Potencia activa L1","W",-2304.9958068086544,-12354.7422,-0.8583,"2025-02-06T18:37:10.259Z",-3529.6113
"Medidor 4 - ICAS","Potencia activa L1","W",-2304.9958068086544,-12354.7422,-0.8583,"2025-02-06T18:38:10.408Z",-4182.5889
"Medidor 4 - ICAS","Potencia activa L1","W",-2304.9958068086544,-12354.7422,-0.8583,"2025-02-06T18:39:10.479Z",-4074.3284
"Medidor 4 - ICAS","Potencia activa L1","W",-2304.9958068086544,-12354.7422,-0.8583,"2025-02-06T18:40:10.560Z",-3421.5669
"Medidor 4 - ICAS","Potencia activa L1","W",-2304.9958068086544,-12354.7422,-0.8583,"2025-02-06T18:41:10.682Z",-3417.1631
"Medidor 4 - ICAS","Potencia activa L1","W",-2304.9958068086544,-12354.7422,-0.8583,"2025-02-06T18:42:10.752Z",-3584.1733
"Medidor 4 - ICAS","Potencia activa L1","W",-2304.9958068086544,-12354.7422,-0.8583,"2025-02-06T18:43:10.870Z",-4330.2368
"Medidor 4 - ICAS","Potencia activa L1","W",-2304.9958068086544,-12354.7422,-0.8583,"2025-02-06T18:44:10.956Z",-4259.4673
"Medidor 4 - ICAS","Potencia activa L1","W",-2304.9958068086544,-12354.7422,-0.8583,"2025-02-06T18:45:11.010Z",-4379.6768
"Medidor 4 - ICAS","Potencia activa L1","W",-2304.9958068086544,-12354.7422,-0.8583,"2025-02-06T18:46:11.129Z",-3596.772
"Medidor 4 - ICAS","Potencia activa L1","W",-2304.9958068086544,-12354.7422,-0.8583,"2025-02-06T18:47:11.222Z",-3525.8591
"Medidor 4 - ICAS","Potencia activa L1","W",-2304.9958068086544,-12354.7422,-0.8583,"2025-02-06T18:48:11.272Z",-4258.3047
"Medidor 4 - ICAS","Potencia activa L1","W",-2304.9958068086544,-12354.7422,-0.8583,"2025-02-06T18:49:11.339Z",-4195.8525
"Medidor 4 - ICAS","Potencia activa L1","W",-2304.9958068086544,-12354.7422,-0.8583,"2025-02-06T18:50:11.437Z",-3672.9482
"Medidor 4 - ICAS","Potencia activa L1","W",-2304.9958068086544,-12354.7422,-0.8583,"2025-02-06T18:51:11.553Z",-3904.8525
"Medidor 4 - ICAS","Potencia activa L1","W",-2304.9958068086544,-12354.7422,-0.8583,"2025-02-06T18:52:11.585Z",-3688.3872
"Medidor 4 - ICAS","Potencia activa L1","W",-2304.9958068086544,-12354.7422,-0.8583,"2025-02-06T18:53:11.685Z",-4403.7432
"Medidor 4 - ICAS","Potencia activa L1","W",-2304.9958068086544,-12354.7422,-0.8583,"2025-02-06T18:54:11.733Z",-4297.7852
"Medidor 4 - ICAS","Potencia activa L1","W",-2304.9958068086544,-12354.7422,-0.8583,"2025-02-06T18:55:11.793Z",-3874.689
"Medidor 4 - ICAS","Potencia activa L1","W",-2304.9958068086544,-12354.7422,-0.8583,"2025-02-06T18:56:11.930Z",-3869.0278
"Medidor 4 - ICAS","Potencia activa L1","W",-2304.9958068086544,-12354.7422,-0.8583,"2025-02-06T18:57:12.029Z",-3715.1416
"Medidor 4 - ICAS","Potencia activa L1","W",-2304.9958068086544,-12354.7422,-0.8583,"2025-02-06T18:58:12.103Z",-4454.4956
"Medidor 4 - ICAS","Potencia activa L1","W",-2304.9958068086544,-12354.7422,-0.8583,"2025-02-06T18:59:12.238Z",-3722.4648
"Medidor 4 - ICAS","Potencia activa L1","W",-2304.9958068086544,-12354.7422,-0.8583,"2025-02-06T19:00:12.298Z",-3873.0466
"Medidor 4 - ICAS","Potencia activa L1","W",-2304.9958068086544,-12354.7422,-0.8583,"2025-02-06T19:01:12.370Z",-4780.54
"Medidor 4 - ICAS","Potencia activa L1","W",-2304.9958068086544,-12354.7422,-0.8583,"2025-02-06T19:02:12.531Z",-4768.3169
"Medidor 4 - ICAS","Potencia activa L1","W",-2304.9958068086544,-12354.7422,-0.8583,"2025-02-06T19:03:12.553Z",-4371.937
"Medidor 4 - ICAS","Potencia activa L1","W",-2304.9958068086544,-12354.7422,-0.8583,"2025-02-06T19:04:12.677Z",-3641.5442
"Medidor 4 - ICAS","Potencia activa L1","W",-2304.9958068086544,-12354.7422,-0.8583,"2025-02-06T19:05:12.730Z",-3912.2488
"Medidor 4 - ICAS","Potencia activa L1","W",-2304.9958068086544,-12354.7422,-0.8583,"2025-02-06T19:06:12.860Z",-3933.1946
"Medidor 4 - ICAS","Potencia activa L1","W",-2304.9958068086544,-12354.7422,-0.8583,"2025-02-06T19:07:12.861Z",-8706.1875
"Medidor 4 - ICAS","Potencia activa L1","W",-2304.9958068086544,-12354.7422,-0.8583,"2025-02-06T19:08:12.892Z",-5418.9111
"Medidor 4 - ICAS","Potencia activa L1","W",-2304.9958068086544,-12354.7422,-0.8583,"2025-02-06T19:09:13.052Z",-4938.1665
"Medidor 4 - ICAS","Potencia activa L1","W",-2304.9958068086544,-12354.7422,-0.8583,"2025-02-06T19:10:13.197Z",-4121.6387
"Medidor 4 - ICAS","Potencia activa L1","W",-2304.9958068086544,-12354.7422,-0.8583,"2025-02-06T19:11:13.242Z",-6480.3672
"Medidor 4 - ICAS","Potencia activa L1","W",-2304.9958068086544,-12354.7422,-0.8583,"2025-02-06T19:12:13.289Z",-6500.3477
"Medidor 4 - ICAS","Potencia activa L1","W",-2304.9958068086544,-12354.7422,-0.8583,"2025-02-06T19:13:13.339Z",-7176.417
"Medidor 4 - ICAS","Potencia activa L1","W",-2304.9958068086544,-12354.7422,-0.8583,"2025-02-06T19:14:13.534Z",-7099.5508
"Medidor 4 - ICAS","Potencia activa L1","W",-2304.9958068086544,-12354.7422,-0.8583,"2025-02-06T19:15:13.607Z",-6927.4634
"Medidor 4 - ICAS","Potencia activa L1","W",-2304.9958068086544,-12354.7422,-0.8583,"2025-02-06T19:16:13.667Z",-7071.5698
"Medidor 4 - ICAS","Potencia activa L1","W",-2304.9958068086544,-12354.7422,-0.8583,"2025-02-06T19:17:13.815Z",-6522.6445
"Medidor 4 - ICAS","Potencia activa L1","W",-2304.9958068086544,-12354.7422,-0.8583,"2025-02-06T19:18:13.919Z",-7020.4741
"Medidor 4 - ICAS","Potencia activa L1","W",-2304.9958068086544,-12354.7422,-0.8583,"2025-02-06T19:19:14.048Z",-7021.084
"Medidor 4 - ICAS","Potencia activa L1","W",-2304.9958068086544,-12354.7422,-0.8583,"2025-02-06T19:20:14.063Z",-6857.7588
"Medidor 4 - ICAS","Potencia activa L1","W",-2304.9958068086544,-12354.7422,-0.8583,"2025-02-06T19:21:14.162Z",-6272.8311
"Medidor 4 - ICAS","Potencia activa L1","W",-2304.9958068086544,-12354.7422,-0.8583,"2025-02-06T19:22:14.300Z",-6268.5103
"Medidor 4 - ICAS","Potencia activa L1","W",-2304.9958068086544,-12354.7422,-0.8583,"2025-02-06T19:23:14.351Z",-6253.1758
"Medidor 4 - ICAS","Potencia activa L1","W",-2304.9958068086544,-12354.7422,-0.8583,"2025-02-06T19:24:14.466Z",-7214.2607
"Medidor 4 - ICAS","Potencia activa L1","W",-2304.9958068086544,-12354.7422,-0.8583,"2025-02-06T19:25:14.520Z",-7126.459
"Medidor 4 - ICAS","Potencia activa L1","W",-2304.9958068086544,-12354.7422,-0.8583,"2025-02-06T19:26:14.631Z",-6988.2812
"Medidor 4 - ICAS","Potencia activa L1","W",-2304.9958068086544,-12354.7422,-0.8583,"2025-02-06T19:27:14.727Z",-6420.5371
"Medidor 4 - ICAS","Potencia activa L1","W",-2304.9958068086544,-12354.7422,-0.8583,"2025-02-06T19:28:14.770Z",-6466.0605
"Medidor 4 - ICAS","Potencia activa L1","W",-2304.9958068086544,-12354.7422,-0.8583,"2025-02-06T19:29:14.832Z",-6527.0566
"Medidor 4 - ICAS","Potencia activa L1","W",-2304.9958068086544,-12354.7422,-0.8583,"2025-02-06T19:30:14.961Z",-7255.4736
"Medidor 4 - ICAS","Potencia activa L1","W",-2304.9958068086544,-12354.7422,-0.8583,"2025-02-06T19:31:15.003Z",-7144.9053
"Medidor 4 - ICAS","Potencia activa L1","W",-2304.9958068086544,-12354.7422,-0.8583,"2025-02-06T19:32:15.131Z",-7607.2026
"Medidor 4 - ICAS","Potencia activa L1","W",-2304.9958068086544,-12354.7422,-0.8583,"2025-02-06T19:33:15.252Z",-6846.8857
"Medidor 4 - ICAS","Potencia activa L1","W",-2304.9958068086544,-12354.7422,-0.8583,"2025-02-06T19:34:15.274Z",-6690.5029
"Medidor 4 - ICAS","Potencia activa L1","W",-2304.9958068086544,-12354.7422,-0.8583,"2025-02-06T19:35:15.463Z",-7473.6367
"Medidor 4 - ICAS","Potencia activa L1","W",-2304.9958068086544,-12354.7422,-0.8583,"2025-02-06T19:36:15.533Z",-7198.5767
"Medidor 4 - ICAS","Potencia activa L1","W",-2304.9958068086544,-12354.7422,-0.8583,"2025-02-06T19:37:15.635Z",-6385.4375
"Medidor 4 - ICAS","Potencia activa L1","W",-2304.9958068086544,-12354.7422,-0.8583,"2025-02-06T19:38:15.784Z",-6371.2773
"Medidor 4 - ICAS","Potencia activa L1","W",-2304.9958068086544,-12354.7422,-0.8583,"2025-02-06T19:39:15.872Z",-6392.4648
"Medidor 4 - ICAS","Potencia activa L1","W",-2304.9958068086544,-12354.7422,-0.8583,"2025-02-06T19:40:15.906Z",-7092.3169
"Medidor 4 - ICAS","Potencia activa L1","W",-2304.9958068086544,-12354.7422,-0.8583,"2025-02-06T19:41:15.943Z",-7055.0586
"Medidor 4 - ICAS","Potencia activa L1","W",-2304.9958068086544,-12354.7422,-0.8583,"2025-02-06T19:42:16.065Z",-6500.1899
"Medidor 4 - ICAS","Potencia activa L1","W",-2304.9958068086544,-12354.7422,-0.8583,"2025-02-06T19:43:16.208Z",-6690.3428
"Medidor 4 - ICAS","Potencia activa L1","W",-2304.9958068086544,-12354.7422,-0.8583,"2025-02-06T19:44:16.229Z",-6514.3213
"Medidor 4 - ICAS","Potencia activa L1","W",-2304.9958068086544,-12354.7422,-0.8583,"2025-02-06T19:45:16.311Z",-7254.8984
"Medidor 4 - ICAS","Potencia activa L1","W",-2304.9958068086544,-12354.7422,-0.8583,"2025-02-06T19:46:16.394Z",-7795.1348
"Medidor 4 - ICAS","Potencia activa L1","W",-2304.9958068086544,-12354.7422,-0.8583,"2025-02-06T19:47:16.543Z",-6403.8872
"Medidor 4 - ICAS","Potencia activa L1","W",-2304.9958068086544,-12354.7422,-0.8583,"2025-02-06T19:48:16.521Z",-6663.5723
"Medidor 4 - ICAS","Potencia activa L1","W",-2304.9958068086544,-12354.7422,-0.8583,"2025-02-06T19:49:16.632Z",-6751.1729
"Medidor 4 - ICAS","Potencia activa L1","W",-2304.9958068086544,-12354.7422,-0.8583,"2025-02-06T19:50:16.730Z",-7562.0283
"Medidor 4 - ICAS","Potencia activa L1","W",-2304.9958068086544,-12354.7422,-0.8583,"2025-02-06T19:51:16.848Z",-7485.5908
"Medidor 4 - ICAS","Potencia activa L1","W",-2304.9958068086544,-12354.7422,-0.8583,"2025-02-06T19:52:16.845Z",-6981.5127
"Medidor 4 - ICAS","Potencia activa L1","W",-2304.9958068086544,-12354.7422,-0.8583,"2025-02-06T19:53:16.927Z",-6748.5986
"Medidor 4 - ICAS","Potencia activa L1","W",-2304.9958068086544,-12354.7422,-0.8583,"2025-02-06T19:54:17.049Z",-7067.873
"Medidor 4 - ICAS","Potencia activa L1","W",-2304.9958068086544,-12354.7422,-0.8583,"2025-02-06T19:55:17.182Z",-7819.8721
"Medidor 4 - ICAS","Potencia activa L1","W",-2304.9958068086544,-12354.7422,-0.8583,"2025-02-06T19:56:17.207Z",-7718.521
"Medidor 4 - ICAS","Potencia activa L1","W",-2304.9958068086544,-12354.7422,-0.8583,"2025-02-06T19:57:17.357Z",-7357.2979
"Medidor 4 - ICAS","Potencia activa L1","W",-2304.9958068086544,-12354.7422,-0.8583,"2025-02-06T19:58:17.513Z",-7513.126
"Medidor 4 - ICAS","Potencia activa L1","W",-2304.9958068086544,-12354.7422,-0.8583,"2025-02-06T19:59:17.561Z",-7401.1211
"Medidor 4 - ICAS","Potencia activa L1","W",-2304.9958068086544,-12354.7422,-0.8583,"2025-02-06T20:00:17.635Z",-8826.5283
"Medidor 4 - ICAS","Potencia activa L1","W",-2304.9958068086544,-12354.7422,-0.8583,"2025-02-06T20:01:17.758Z",-8674.002
"Medidor 4 - ICAS","Potencia activa L1","W",-2304.9958068086544,-12354.7422,-0.8583,"2025-02-06T20:02:17.765Z",-7955.0103
"Medidor 4 - ICAS","Potencia activa L1","W",-2304.9958068086544,-12354.7422,-0.8583,"2025-02-06T20:03:17.823Z",-8068.1831
"Medidor 4 - ICAS","Potencia activa L1","W",-2304.9958068086544,-12354.7422,-0.8583,"2025-02-06T20:04:17.936Z",-8092.6895
"Medidor 4 - ICAS","Potencia activa L1","W",-2304.9958068086544,-12354.7422,-0.8583,"2025-02-06T20:05:17.993Z",-8688.0156
"Medidor 4 - ICAS","Potencia activa L1","W",-2304.9958068086544,-12354.7422,-0.8583,"2025-02-06T20:06:18.082Z",-8158.9058
"Medidor 4 - ICAS","Potencia activa L1","W",-2304.9958068086544,-12354.7422,-0.8583,"2025-02-06T20:07:18.076Z",-7906.6396
"Medidor 4 - ICAS","Potencia activa L1","W",-2304.9958068086544,-12354.7422,-0.8583,"2025-02-06T20:08:18.133Z",-7771.98
"Medidor 4 - ICAS","Potencia activa L1","W",-2304.9958068086544,-12354.7422,-0.8583,"2025-02-06T20:09:18.175Z",-7375.4131
"Medidor 4 - ICAS","Potencia activa L1","W",-2304.9958068086544,-12354.7422,-0.8583,"2025-02-06T20:10:18.277Z",-7566.5273
"Medidor 4 - ICAS","Potencia activa L1","W",-2304.9958068086544,-12354.7422,-0.8583,"2025-02-06T20:11:18.382Z",-8127.5605
"Medidor 4 - ICAS","Potencia activa L1","W",-2304.9958068086544,-12354.7422,-0.8583,"2025-02-06T20:12:18.446Z",-8030.4785
"Medidor 4 - ICAS","Potencia activa L1","W",-2304.9958068086544,-12354.7422,-0.8583,"2025-02-06T20:13:18.574Z",-7351.8545
"Medidor 4 - ICAS","Potencia activa L1","W",-2304.9958068086544,-12354.7422,-0.8583,"2025-02-06T20:14:18.631Z",-7388.1504
"Medidor 4 - ICAS","Potencia activa L1","W",-2304.9958068086544,-12354.7422,-0.8583,"2025-02-06T20:15:18.729Z",-7587.1182
"Medidor 4 - ICAS","Potencia activa L1","W",-2304.9958068086544,-12354.7422,-0.8583,"2025-02-06T20:16:18.796Z",-7900.1084
"Medidor 4 - ICAS","Potencia activa L1","W",-2304.9958068086544,-12354.7422,-0.8583,"2025-02-06T20:17:18.909Z",-7682.5684
"Medidor 4 - ICAS","Potencia activa L1","W",-2304.9958068086544,-12354.7422,-0.8583,"2025-02-06T20:18:19.008Z",-7069.2383
"Medidor 4 - ICAS","Potencia activa L1","W",-2304.9958068086544,-12354.7422,-0.8583,"2025-02-06T20:19:19.065Z",-7074.5762
"Medidor 4 - ICAS","Potencia activa L1","W",-2304.9958068086544,-12354.7422,-0.8583,"2025-02-06T20:20:19.186Z",-7267.5493
"Medidor 4 - ICAS","Potencia activa L1","W",-2304.9958068086544,-12354.7422,-0.8583,"2025-02-06T20:21:19.286Z",-7889.4824
"Medidor 4 - ICAS","Potencia activa L1","W",-2304.9958068086544,-12354.7422,-0.8583,"2025-02-06T20:22:19.303Z",-7762.6074
"Medidor 4 - ICAS","Potencia activa L1","W",-2304.9958068086544,-12354.7422,-0.8583,"2025-02-06T20:23:19.482Z",-7084.3877
"Medidor 4 - ICAS","Potencia activa L1","W",-2304.9958068086544,-12354.7422,-0.8583,"2025-02-06T20:24:19.516Z",-7090.6738
"Medidor 4 - ICAS","Potencia activa L1","W",-2304.9958068086544,-12354.7422,-0.8583,"2025-02-06T20:25:19.660Z",-6894.4268
"Medidor 4 - ICAS","Potencia activa L1","W",-2304.9958068086544,-12354.7422,-0.8583,"2025-02-06T20:26:19.765Z",-7662.7793
"Medidor 4 - ICAS","Potencia activa L1","W",-2304.9958068086544,-12354.7422,-0.8583,"2025-02-06T20:27:19.798Z",-7515.4717
"Medidor 4 - ICAS","Potencia activa L1","W",-2304.9958068086544,-12354.7422,-0.8583,"2025-02-06T20:28:19.828Z",-6862.2437
"Medidor 4 - ICAS","Potencia activa L1","W",-2304.9958068086544,-12354.7422,-0.8583,"2025-02-06T20:29:19.986Z",-6843.1631
"Medidor 4 - ICAS","Potencia activa L1","W",-2304.9958068086544,-12354.7422,-0.8583,"2025-02-06T20:30:20.095Z",-7109.6772
"Medidor 4 - ICAS","Potencia activa L1","W",-2304.9958068086544,-12354.7422,-0.8583,"2025-02-06T20:31:20.074Z",-7458.4277
"Medidor 4 - ICAS","Potencia activa L1","W",-2304.9958068086544,-12354.7422,-0.8583,"2025-02-06T20:32:20.094Z",-7364.1821
"Medidor 4 - ICAS","Potencia activa L1","W",-2304.9958068086544,-12354.7422,-0.8583,"2025-02-06T20:33:20.137Z",-6769.9663
"Medidor 4 - ICAS","Potencia activa L1","W",-2304.9958068086544,-12354.7422,-0.8583,"2025-02-06T20:34:20.235Z",-6706.5215
"Medidor 4 - ICAS","Potencia activa L1","W",-2304.9958068086544,-12354.7422,-0.8583,"2025-02-06T20:35:20.191Z",-6855.1606
"Medidor 4 - ICAS","Potencia activa L1","W",-2304.9958068086544,-12354.7422,-0.8583,"2025-02-06T20:36:20.318Z",-7639.2065
"Medidor 4 - ICAS","Potencia activa L1","W",-2304.9958068086544,-12354.7422,-0.8583,"2025-02-06T20:37:20.397Z",-7520.2969
"Medidor 4 - ICAS","Potencia activa L1","W",-2304.9958068086544,-12354.7422,-0.8583,"2025-02-06T20:38:20.482Z",-6569.2339
"Medidor 4 - ICAS","Potencia activa L1","W",-2304.9958068086544,-12354.7422,-0.8583,"2025-02-06T20:39:20.464Z",-6677.771
"Medidor 4 - ICAS","Potencia activa L1","W",-2304.9958068086544,-12354.7422,-0.8583,"2025-02-06T20:40:20.571Z",-6627.3853
"Medidor 4 - ICAS","Potencia activa L1","W",-2304.9958068086544,-12354.7422,-0.8583,"2025-02-06T20:41:20.763Z",-7308.8906
"Medidor 4 - ICAS","Potencia activa L1","W",-2304.9958068086544,-12354.7422,-0.8583,"2025-02-06T20:42:20.898Z",-6973.2744
"Medidor 4 - ICAS","Potencia activa L1","W",-2304.9958068086544,-12354.7422,-0.8583,"2025-02-06T20:43:20.970Z",-6490.3965
"Medidor 4 - ICAS","Potencia activa L1","W",-2304.9958068086544,-12354.7422,-0.8583,"2025-02-06T20:44:21.005Z",-6576.3281
"Medidor 4 - ICAS","Potencia activa L1","W",-2304.9958068086544,-12354.7422,-0.8583,"2025-02-06T20:45:21.028Z",-6460.9492
"Medidor 4 - ICAS","Potencia activa L1","W",-2304.9958068086544,-12354.7422,-0.8583,"2025-02-06T20:46:21.115Z",-7301.6431
"Medidor 4 - ICAS","Potencia activa L1","W",-2304.9958068086544,-12354.7422,-0.8583,"2025-02-06T20:47:21.198Z",-7159.9731
"Medidor 4 - ICAS","Potencia activa L1","W",-2304.9958068086544,-12354.7422,-0.8583,"2025-02-06T20:48:21.285Z",-7172.8374
"Medidor 4 - ICAS","Potencia activa L1","W",-2304.9958068086544,-12354.7422,-0.8583,"2025-02-06T20:49:21.379Z",-6640.4419
"Medidor 4 - ICAS","Potencia activa L1","W",-2304.9958068086544,-12354.7422,-0.8583,"2025-02-06T20:50:21.387Z",-6951.2544
"Medidor 4 - ICAS","Potencia activa L1","W",-2304.9958068086544,-12354.7422,-0.8583,"2025-02-06T20:51:21.464Z",-6839.9976
"Medidor 4 - ICAS","Potencia activa L1","W",-2304.9958068086544,-12354.7422,-0.8583,"2025-02-06T20:52:21.564Z",-7534.96
"Medidor 4 - ICAS","Potencia activa L1","W",-2304.9958068086544,-12354.7422,-0.8583,"2025-02-06T20:53:21.671Z",-6917.603
"Medidor 4 - ICAS","Potencia activa L1","W",-2304.9958068086544,-12354.7422,-0.8583,"2025-02-06T20:54:21.737Z",-7032.0889
"Medidor 4 - ICAS","Potencia activa L1","W",-2304.9958068086544,-12354.7422,-0.8583,"2025-02-06T20:55:21.838Z",-7045.6011
"Medidor 4 - ICAS","Potencia activa L1","W",-2304.9958068086544,-12354.7422,-0.8583,"2025-02-06T20:56:21.970Z",-8039.8555
"Medidor 4 - ICAS","Potencia activa L1","W",-2304.9958068086544,-12354.7422,-0.8583,"2025-02-06T20:57:21.985Z",-8530.0312
"Medidor 4 - ICAS","Potencia activa L1","W",-2304.9958068086544,-12354.7422,-0.8583,"2025-02-06T20:58:22.102Z",-7850.0757
"Medidor 4 - ICAS","Potencia activa L1","W",-2304.9958068086544,-12354.7422,-0.8583,"2025-02-06T20:59:22.281Z",-7490.5352
"Medidor 4 - ICAS","Potencia activa L1","W",-2304.9958068086544,-12354.7422,-0.8583,"2025-02-06T21:00:22.377Z",-7096.4941
"Medidor 4 - ICAS","Potencia activa L1","W",-2304.9958068086544,-12354.7422,-0.8583,"2025-02-06T21:01:22.417Z",-7017.4487
"Medidor 4 - ICAS","Potencia activa L1","W",-2304.9958068086544,-12354.7422,-0.8583,"2025-02-06T21:02:22.450Z",-8173.0684
"Medidor 4 - ICAS","Potencia activa L1","W",-2304.9958068086544,-12354.7422,-0.8583,"2025-02-06T21:03:22.536Z",-7769.8799
"Medidor 4 - ICAS","Potencia activa L1","W",-2304.9958068086544,-12354.7422,-0.8583,"2025-02-06T21:04:22.645Z",-7092.3525
"Medidor 4 - ICAS","Potencia activa L1","W",-2304.9958068086544,-12354.7422,-0.8583,"2025-02-06T21:05:22.715Z",-7058.6104
"Medidor 4 - ICAS","Potencia activa L1","W",-2304.9958068086544,-12354.7422,-0.8583,"2025-02-06T21:06:22.806Z",-7187.3774
"Medidor 4 - ICAS","Potencia activa L1","W",-2304.9958068086544,-12354.7422,-0.8583,"2025-02-06T21:07:22.888Z",-7858.5342
"Medidor 4 - ICAS","Potencia activa L1","W",-2304.9958068086544,-12354.7422,-0.8583,"2025-02-06T21:08:22.965Z",-7960.9062
"Medidor 4 - ICAS","Potencia activa L1","W",-2304.9958068086544,-12354.7422,-0.8583,"2025-02-06T21:09:23.028Z",-7164.3193
"Medidor 4 - ICAS","Potencia activa L1","W",-2304.9958068086544,-12354.7422,-0.8583,"2025-02-06T21:10:23.176Z",-7264.5215
"Medidor 4 - ICAS","Potencia activa L1","W",-2304.9958068086544,-12354.7422,-0.8583,"2025-02-06T21:11:23.228Z",-7250.3047
"Medidor 4 - ICAS","Potencia activa L1","W",-2304.9958068086544,-12354.7422,-0.8583,"2025-02-06T21:12:23.317Z",-8101.498
"Medidor 4 - ICAS","Potencia activa L1","W",-2304.9958068086544,-12354.7422,-0.8583,"2025-02-06T21:13:23.374Z",-8283.9424
"Medidor 4 - ICAS","Potencia activa L1","W",-2304.9958068086544,-12354.7422,-0.8583,"2025-02-06T21:14:23.507Z",-7342.9634
"Medidor 4 - ICAS","Potencia activa L1","W",-2304.9958068086544,-12354.7422,-0.8583,"2025-02-06T21:15:23.634Z",-7470.915
"Medidor 4 - ICAS","Potencia activa L1","W",-2304.9958068086544,-12354.7422,-0.8583,"2025-02-06T21:16:23.709Z",-7425.4775
"Medidor 4 - ICAS","Potencia activa L1","W",-2304.9958068086544,-12354.7422,-0.8583,"2025-02-06T21:17:23.800Z",-7241.3716
"Medidor 4 - ICAS","Potencia activa L1","W",-2304.9958068086544,-12354.7422,-0.8583,"2025-02-06T21:18:23.860Z",-7895.8105
"Medidor 4 - ICAS","Potencia activa L1","W",-2304.9958068086544,-12354.7422,-0.8583,"2025-02-06T21:19:23.942Z",-7939.334
"Medidor 4 - ICAS","Potencia activa L1","W",-2304.9958068086544,-12354.7422,-0.8583,"2025-02-06T21:20:24.072Z",-8069.3599
"Medidor 4 - ICAS","Potencia activa L1","W",-2304.9958068086544,-12354.7422,-0.8583,"2025-02-06T21:21:24.216Z",-7372.8442
"Medidor 4 - ICAS","Potencia activa L1","W",-2304.9958068086544,-12354.7422,-0.8583,"2025-02-06T21:22:24.253Z",-7348.0864
"Medidor 4 - ICAS","Potencia activa L1","W",-2304.9958068086544,-12354.7422,-0.8583,"2025-02-06T21:23:24.327Z",-7476.0327
"Medidor 4 - ICAS","Potencia activa L1","W",-2304.9958068086544,-12354.7422,-0.8583,"2025-02-06T21:24:24.424Z",-8717.1748
"Medidor 4 - ICAS","Potencia activa L1","W",-2304.9958068086544,-12354.7422,-0.8583,"2025-02-06T21:25:24.496Z",-8124.9326
"Medidor 4 - ICAS","Potencia activa L1","W",-2304.9958068086544,-12354.7422,-0.8583,"2025-02-06T21:26:24.601Z",-7396.8564
"Medidor 4 - ICAS","Potencia activa L1","W",-2304.9958068086544,-12354.7422,-0.8583,"2025-02-06T21:27:24.678Z",-7355.625
"Medidor 4 - ICAS","Potencia activa L1","W",-2304.9958068086544,-12354.7422,-0.8583,"2025-02-06T21:28:24.751Z",-7335.8813
"Medidor 4 - ICAS","Potencia activa L1","W",-2304.9958068086544,-12354.7422,-0.8583,"2025-02-06T21:29:24.874Z",-8029.0405
"Medidor 4 - ICAS","Potencia activa L1","W",-2304.9958068086544,-12354.7422,-0.8583,"2025-02-06T21:30:24.959Z",-7922.5957
"Medidor 4 - ICAS","Potencia activa L1","W",-2304.9958068086544,-12354.7422,-0.8583,"2025-02-06T21:31:25.069Z",-7310.562
"Medidor 4 - ICAS","Potencia activa L1","W",-2304.9958068086544,-12354.7422,-0.8583,"2025-02-06T21:32:25.155Z",-7289.9336
"Medidor 4 - ICAS","Potencia activa L1","W",-2304.9958068086544,-12354.7422,-0.8583,"2025-02-06T21:33:25.171Z",-7998.9121
"Medidor 4 - ICAS","Potencia activa L1","W",-2304.9958068086544,-12354.7422,-0.8583,"2025-02-06T21:34:25.279Z",-8109.7534
"Medidor 4 - ICAS","Potencia activa L1","W",-2304.9958068086544,-12354.7422,-0.8583,"2025-02-06T21:35:25.312Z",-7964.7075
"Medidor 4 - ICAS","Potencia activa L1","W",-2304.9958068086544,-12354.7422,-0.8583,"2025-02-06T21:36:25.516Z",-7344.873
"Medidor 4 - ICAS","Potencia activa L1","W",-2304.9958068086544,-12354.7422,-0.8583,"2025-02-06T21:37:25.561Z",-7342.6714
"Medidor 4 - ICAS","Potencia activa L1","W",-2304.9958068086544,-12354.7422,-0.8583,"2025-02-06T21:38:25.641Z",-8501.0322
"Medidor 4 - ICAS","Potencia activa L1","W",-2304.9958068086544,-12354.7422,-0.8583,"2025-02-06T21:39:25.699Z",-8070.668
"Medidor 4 - ICAS","Potencia activa L1","W",-2304.9958068086544,-12354.7422,-0.8583,"2025-02-06T21:40:25.827Z",-8140.6079
"Medidor 4 - ICAS","Potencia activa L1","W",-2304.9958068086544,-12354.7422,-0.8583,"2025-02-06T21:41:25.885Z",-7353.3496
"Medidor 4 - ICAS","Potencia activa L1","W",-2304.9958068086544,-12354.7422,-0.8583,"2025-02-06T21:42:26.049Z",-7349.8252
"Medidor 4 - ICAS","Potencia activa L1","W",-2304.9958068086544,-12354.7422,-0.8583,"2025-02-06T21:43:26.037Z",-7853.2173
"Medidor 4 - ICAS","Potencia activa L1","W",-2304.9958068086544,-12354.7422,-0.8583,"2025-02-06T21:44:26.078Z",-8524.7363
"Medidor 4 - ICAS","Potencia activa L1","W",-2304.9958068086544,-12354.7422,-0.8583,"2025-02-06T21:45:26.297Z",-8414.4912
"Medidor 4 - ICAS","Potencia activa L1","W",-2304.9958068086544,-12354.7422,-0.8583,"2025-02-06T21:46:26.324Z",-8495.3379
"Medidor 4 - ICAS","Potencia activa L1","W",-2304.9958068086544,-12354.7422,-0.8583,"2025-02-06T21:47:26.466Z",-7905.5713
"Medidor 4 - ICAS","Potencia activa L1","W",-2304.9958068086544,-12354.7422,-0.8583,"2025-02-06T21:48:26.574Z",-7802.6357
"Medidor 4 - ICAS","Potencia activa L1","W",-2304.9958068086544,-12354.7422,-0.8583,"2025-02-06T21:49:26.671Z",-9313.249
"Medidor 4 - ICAS","Potencia activa L1","W",-2304.9958068086544,-12354.7422,-0.8583,"2025-02-06T21:50:26.769Z",-8507.4307
"Medidor 4 - ICAS","Potencia activa L1","W",-2304.9958068086544,-12354.7422,-0.8583,"2025-02-06T21:51:26.817Z",-8415.1104
"Medidor 4 - ICAS","Potencia activa L1","W",-2304.9958068086544,-12354.7422,-0.8583,"2025-02-06T21:52:26.852Z",-7654.2559
"Medidor 4 - ICAS","Potencia activa L1","W",-2304.9958068086544,-12354.7422,-0.8583,"2025-02-06T21:53:26.996Z",-7685.7705
"Medidor 4 - ICAS","Potencia activa L1","W",-2304.9958068086544,-12354.7422,-0.8583,"2025-02-06T21:54:27.112Z",-7720.208
"Medidor 4 - ICAS","Potencia activa L1","W",-2304.9958068086544,-12354.7422,-0.8583,"2025-02-06T21:55:27.121Z",-8379.6357
"Medidor 4 - ICAS","Potencia activa L1","W",-2304.9958068086544,-12354.7422,-0.8583,"2025-02-06T21:56:27.319Z",-8300.457
"Medidor 4 - ICAS","Potencia activa L1","W",-2304.9958068086544,-12354.7422,-0.8583,"2025-02-06T21:57:27.418Z",-7680.9868
"Medidor 4 - ICAS","Potencia activa L1","W",-2304.9958068086544,-12354.7422,-0.8583,"2025-02-06T21:58:27.419Z",-8338.333
"Medidor 4 - ICAS","Potencia activa L1","W",-2304.9958068086544,-12354.7422,-0.8583,"2025-02-06T21:59:27.547Z",-7571.1841
"Medidor 4 - ICAS","Potencia activa L1","W",-2304.9958068086544,-12354.7422,-0.8583,"2025-02-06T22:00:27.621Z",-8245.3994
"Medidor 4 - ICAS","Potencia activa L1","W",-2304.9958068086544,-12354.7422,-0.8583,"2025-02-06T22:01:27.774Z",-8080.813
"Medidor 4 - ICAS","Potencia activa L1","W",-2304.9958068086544,-12354.7422,-0.8583,"2025-02-06T22:02:27.801Z",-7057.252
"Medidor 4 - ICAS","Potencia activa L1","W",-2304.9958068086544,-12354.7422,-0.8583,"2025-02-06T22:03:27.917Z",-7043.1689
"Medidor 4 - ICAS","Potencia activa L1","W",-2304.9958068086544,-12354.7422,-0.8583,"2025-02-06T22:04:28.008Z",-10457.5449
"Medidor 4 - ICAS","Potencia activa L1","W",-2304.9958068086544,-12354.7422,-0.8583,"2025-02-06T22:05:28.037Z",-7493.9507
"Medidor 4 - ICAS","Potencia activa L1","W",-2304.9958068086544,-12354.7422,-0.8583,"2025-02-06T22:06:28.249Z",-7390.0532
"Medidor 4 - ICAS","Potencia activa L1","W",-2304.9958068086544,-12354.7422,-0.8583,"2025-02-06T22:07:28.272Z",-6832.1392
"Medidor 4 - ICAS","Potencia activa L1","W",-2304.9958068086544,-12354.7422,-0.8583,"2025-02-06T22:08:28.410Z",-6904.7319
"Medidor 4 - ICAS","Potencia activa L1","W",-2304.9958068086544,-12354.7422,-0.8583,"2025-02-06T22:09:28.504Z",-6908.4043
"Medidor 4 - ICAS","Potencia activa L1","W",-2304.9958068086544,-12354.7422,-0.8583,"2025-02-06T22:10:28.527Z",-7602.2275
"Medidor 4 - ICAS","Potencia activa L1","W",-2304.9958068086544,-12354.7422,-0.8583,"2025-02-06T22:11:28.609Z",-6850.4678
"Medidor 4 - ICAS","Potencia activa L1","W",-2304.9958068086544,-12354.7422,-0.8583,"2025-02-06T22:12:28.770Z",-6809.9277
"Medidor 4 - ICAS","Potencia activa L1","W",-2304.9958068086544,-12354.7422,-0.8583,"2025-02-06T22:13:28.797Z",-6821.5581
"Medidor 4 - ICAS","Potencia activa L1","W",-2304.9958068086544,-12354.7422,-0.8583,"2025-02-06T22:14:28.982Z",-7561.0088
"Medidor 4 - ICAS","Potencia activa L1","W",-2304.9958068086544,-12354.7422,-0.8583,"2025-02-06T22:15:29.022Z",-7675.4023
"Medidor 4 - ICAS","Potencia activa L1","W",-2304.9958068086544,-12354.7422,-0.8583,"2025-02-06T22:16:29.211Z",-7578.1938
"Medidor 4 - ICAS","Potencia activa L1","W",-2304.9958068086544,-12354.7422,-0.8583,"2025-02-06T22:17:29.226Z",-6873.9282
"Medidor 4 - ICAS","Potencia activa L1","W",-2304.9958068086544,-12354.7422,-0.8583,"2025-02-06T22:18:29.268Z",-6835.3848
"Medidor 4 - ICAS","Potencia activa L1","W",-2304.9958068086544,-12354.7422,-0.8583,"2025-02-06T22:19:29.459Z",-7750.6992
"Medidor 4 - ICAS","Potencia activa L1","W",-2304.9958068086544,-12354.7422,-0.8583,"2025-02-06T22:20:29.504Z",-7780.6982
"Medidor 4 - ICAS","Potencia activa L1","W",-2304.9958068086544,-12354.7422,-0.8583,"2025-02-06T22:21:29.634Z",-7080.9424
"Medidor 4 - ICAS","Potencia activa L1","W",-2304.9958068086544,-12354.7422,-0.8583,"2025-02-06T22:22:29.694Z",-7115.2007
"Medidor 4 - ICAS","Potencia activa L1","W",-2304.9958068086544,-12354.7422,-0.8583,"2025-02-06T22:23:29.678Z",-7125.1074
"Medidor 4 - ICAS","Potencia activa L1","W",-2304.9958068086544,-12354.7422,-0.8583,"2025-02-06T22:24:29.818Z",-7942.3628
"Medidor 4 - ICAS","Potencia activa L1","W",-2304.9958068086544,-12354.7422,-0.8583,"2025-02-06T22:25:29.976Z",-7864.2974
"Medidor 4 - ICAS","Potencia activa L1","W",-2304.9958068086544,-12354.7422,-0.8583,"2025-02-06T22:26:30.016Z",-7405.3218
"Medidor 4 - ICAS","Potencia activa L1","W",-2304.9958068086544,-12354.7422,-0.8583,"2025-02-06T22:27:30.067Z",-7433.4727
"Medidor 4 - ICAS","Potencia activa L1","W",-2304.9958068086544,-12354.7422,-0.8583,"2025-02-06T22:28:30.171Z",-7284.3594
"Medidor 4 - ICAS","Potencia activa L1","W",-2304.9958068086544,-12354.7422,-0.8583,"2025-02-06T22:29:30.263Z",-7827.6909
"Medidor 4 - ICAS","Potencia activa L1","W",-2304.9958068086544,-12354.7422,-0.8583,"2025-02-06T22:30:30.357Z",-7779.1401
"Medidor 4 - ICAS","Potencia activa L1","W",-2304.9958068086544,-12354.7422,-0.8583,"2025-02-06T22:31:30.404Z",-7130.3916
"Medidor 4 - ICAS","Potencia activa L1","W",-2304.9958068086544,-12354.7422,-0.8583,"2025-02-06T22:32:30.420Z",-7147.793
"Medidor 4 - ICAS","Potencia activa L1","W",-2304.9958068086544,-12354.7422,-0.8583,"2025-02-06T22:33:30.536Z",-7312.6631
"Medidor 4 - ICAS","Potencia activa L1","W",-2304.9958068086544,-12354.7422,-0.8583,"2025-02-06T22:34:30.605Z",-7870.1802
"Medidor 4 - ICAS","Potencia activa L1","W",-2304.9958068086544,-12354.7422,-0.8583,"2025-02-06T22:35:30.696Z",-7731.7622
"Medidor 4 - ICAS","Potencia activa L1","W",-2304.9958068086544,-12354.7422,-0.8583,"2025-02-06T22:36:30.795Z",-7071.834
"Medidor 4 - ICAS","Potencia activa L1","W",-2304.9958068086544,-12354.7422,-0.8583,"2025-02-06T22:37:30.830Z",-7092.3135
"Medidor 4 - ICAS","Potencia activa L1","W",-2304.9958068086544,-12354.7422,-0.8583,"2025-02-06T22:38:30.949Z",-7059.8662
"Medidor 4 - ICAS","Potencia activa L1","W",-2304.9958068086544,-12354.7422,-0.8583,"2025-02-06T22:39:30.995Z",-7792.3853
"Medidor 4 - ICAS","Potencia activa L1","W",-2304.9958068086544,-12354.7422,-0.8583,"2025-02-06T22:40:31.102Z",-7676.4014
"Medidor 4 - ICAS","Potencia activa L1","W",-2304.9958068086544,-12354.7422,-0.8583,"2025-02-06T22:41:31.169Z",-7057.7969
"Medidor 4 - ICAS","Potencia activa L1","W",-2304.9958068086544,-12354.7422,-0.8583,"2025-02-06T22:42:31.241Z",-7202.5093
"Medidor 4 - ICAS","Potencia activa L1","W",-2304.9958068086544,-12354.7422,-0.8583,"2025-02-06T22:43:31.367Z",-7234.2295
"Medidor 4 - ICAS","Potencia activa L1","W",-2304.9958068086544,-12354.7422,-0.8583,"2025-02-06T22:44:31.381Z",-7925.5957
"Medidor 4 - ICAS","Potencia activa L1","W",-2304.9958068086544,-12354.7422,-0.8583,"2025-02-06T22:45:31.558Z",-7771.5522
"Medidor 4 - ICAS","Potencia activa L1","W",-2304.9958068086544,-12354.7422,-0.8583,"2025-02-06T22:46:31.637Z",-7061.4966
"Medidor 4 - ICAS","Potencia activa L1","W",-2304.9958068086544,-12354.7422,-0.8583,"2025-02-06T22:47:31.698Z",-7093.373
"Medidor 4 - ICAS","Potencia activa L1","W",-2304.9958068086544,-12354.7422,-0.8583,"2025-02-06T22:48:31.737Z",-7079.7734
"Medidor 4 - ICAS","Potencia activa L1","W",-2304.9958068086544,-12354.7422,-0.8583,"2025-02-06T22:49:31.800Z",-7882.375
"Medidor 4 - ICAS","Potencia activa L1","W",-2304.9958068086544,-12354.7422,-0.8583,"2025-02-06T22:50:31.905Z",-7774.8818
"Medidor 4 - ICAS","Potencia activa L1","W",-2304.9958068086544,-12354.7422,-0.8583,"2025-02-06T22:51:32.072Z",-7278.7935
"Medidor 4 - ICAS","Potencia activa L1","W",-2304.9958068086544,-12354.7422,-0.8583,"2025-02-06T22:52:32.145Z",-7071.4751
"Medidor 4 - ICAS","Potencia activa L1","W",-2304.9958068086544,-12354.7422,-0.8583,"2025-02-06T22:53:32.102Z",-6629.9766
"Medidor 4 - ICAS","Potencia activa L1","W",-2304.9958068086544,-12354.7422,-0.8583,"2025-02-06T22:54:32.163Z",-7380.2324
"Medidor 4 - ICAS","Potencia activa L1","W",-2304.9958068086544,-12354.7422,-0.8583,"2025-02-06T22:55:32.261Z",-7361.2622
"Medidor 4 - ICAS","Potencia activa L1","W",-2304.9958068086544,-12354.7422,-0.8583,"2025-02-06T22:56:32.361Z",-6869.563
"Medidor 4 - ICAS","Potencia activa L1","W",-2304.9958068086544,-12354.7422,-0.8583,"2025-02-06T22:57:32.320Z",-6868.625
"Medidor 4 - ICAS","Potencia activa L1","W",-2304.9958068086544,-12354.7422,-0.8583,"2025-02-06T22:58:32.488Z",-6911.9287
"Medidor 4 - ICAS","Potencia activa L1","W",-2304.9958068086544,-12354.7422,-0.8583,"2025-02-06T22:59:32.593Z",-7635.0137
"Medidor 4 - ICAS","Potencia activa L1","W",-2304.9958068086544,-12354.7422,-0.8583,"2025-02-06T23:00:32.663Z",-7695.2256
"Medidor 4 - ICAS","Potencia activa L1","W",-2304.9958068086544,-12354.7422,-0.8583,"2025-02-06T23:01:32.785Z",-7015.2764
"Medidor 4 - ICAS","Potencia activa L1","W",-2304.9958068086544,-12354.7422,-0.8583,"2025-02-06T23:02:32.880Z",-7073.2222
"Medidor 4 - ICAS","Potencia activa L1","W",-2304.9958068086544,-12354.7422,-0.8583,"2025-02-06T23:03:32.963Z",-6852.2041
"Medidor 4 - ICAS","Potencia activa L1","W",-2304.9958068086544,-12354.7422,-0.8583,"2025-02-06T23:04:33.063Z",-7570.8525
"Medidor 4 - ICAS","Potencia activa L1","W",-2304.9958068086544,-12354.7422,-0.8583,"2025-02-06T23:05:33.130Z",-6839.2627
"Medidor 4 - ICAS","Potencia activa L1","W",-2304.9958068086544,-12354.7422,-0.8583,"2025-02-06T23:06:33.180Z",-6987.2407
"Medidor 4 - ICAS","Potencia activa L1","W",-2304.9958068086544,-12354.7422,-0.8583,"2025-02-06T23:07:33.275Z",-6969.1548
"Medidor 4 - ICAS","Potencia activa L1","W",-2304.9958068086544,-12354.7422,-0.8583,"2025-02-06T23:08:33.348Z",-7722.0952
"Medidor 4 - ICAS","Potencia activa L1","W",-2304.9958068086544,-12354.7422,-0.8583,"2025-02-06T23:09:33.506Z",-7480.1973
"Medidor 4 - ICAS","Potencia activa L1","W",-2304.9958068086544,-12354.7422,-0.8583,"2025-02-06T23:10:33.572Z",-6842.916
"Medidor 4 - ICAS","Potencia activa L1","W",-2304.9958068086544,-12354.7422,-0.8583,"2025-02-06T23:11:33.674Z",-4739.5889
"Medidor 4 - ICAS","Potencia activa L1","W",-2304.9958068086544,-12354.7422,-0.8583,"2025-02-06T23:12:33.843Z",-4749.5723
"Medidor 4 - ICAS","Potencia activa L1","W",-2304.9958068086544,-12354.7422,-0.8583,"2025-02-06T23:13:33.908Z",-5483.0522
"Medidor 4 - ICAS","Potencia activa L1","W",-2304.9958068086544,-12354.7422,-0.8583,"2025-02-06T23:14:33.884Z",-5379.4697
"Medidor 4 - ICAS","Potencia activa L1","W",-2304.9958068086544,-12354.7422,-0.8583,"2025-02-06T23:15:34.001Z",-4732.1553
"Medidor 4 - ICAS","Potencia activa L1","W",-2304.9958068086544,-12354.7422,-0.8583,"2025-02-06T23:16:34.106Z",-4720.6191
"Medidor 4 - ICAS","Potencia activa L1","W",-2304.9958068086544,-12354.7422,-0.8583,"2025-02-06T23:17:34.166Z",-4726.7573
"Medidor 4 - ICAS","Potencia activa L1","W",-2304.9958068086544,-12354.7422,-0.8583,"2025-02-06T23:18:34.285Z",-5420.1851
"Medidor 4 - ICAS","Potencia activa L1","W",-2304.9958068086544,-12354.7422,-0.8583,"2025-02-06T23:19:34.309Z",-5381.0312
"Medidor 4 - ICAS","Potencia activa L1","W",-2304.9958068086544,-12354.7422,-0.8583,"2025-02-06T23:20:34.406Z",-4779.1055
"Medidor 4 - ICAS","Potencia activa L1","W",-2304.9958068086544,-12354.7422,-0.8583,"2025-02-06T23:21:34.418Z",-4754.9458
"Medidor 4 - ICAS","Potencia activa L1","W",-2304.9958068086544,-12354.7422,-0.8583,"2025-02-06T23:22:34.557Z",-5694.1841
"Medidor 4 - ICAS","Potencia activa L1","W",-2304.9958068086544,-12354.7422,-0.8583,"2025-02-06T23:23:34.628Z",-5634.8535
"Medidor 4 - ICAS","Potencia activa L1","W",-2304.9958068086544,-12354.7422,-0.8583,"2025-02-06T23:24:34.689Z",-5458.7065
"Medidor 4 - ICAS","Potencia activa L1","W",-2304.9958068086544,-12354.7422,-0.8583,"2025-02-06T23:25:34.819Z",-4656.6758
"Medidor 4 - ICAS","Potencia activa L1","W",-2304.9958068086544,-12354.7422,-0.8583,"2025-02-06T23:26:34.974Z",-4660.6528
"Medidor 4 - ICAS","Potencia activa L1","W",-2304.9958068086544,-12354.7422,-0.8583,"2025-02-06T23:27:35.026Z",-4655.5645
"Medidor 4 - ICAS","Potencia activa L1","W",-2304.9958068086544,-12354.7422,-0.8583,"2025-02-06T23:28:35.124Z",-5349.4902
"Medidor 4 - ICAS","Potencia activa L1","W",-2304.9958068086544,-12354.7422,-0.8583,"2025-02-06T23:29:35.231Z",-5236.0371
"Medidor 4 - ICAS","Potencia activa L1","W",-2304.9958068086544,-12354.7422,-0.8583,"2025-02-06T23:30:35.318Z",-4874.5908
"Medidor 4 - ICAS","Potencia activa L1","W",-2304.9958068086544,-12354.7422,-0.8583,"2025-02-06T23:31:35.420Z",-4875.0078
"Medidor 4 - ICAS","Potencia activa L1","W",-2304.9958068086544,-12354.7422,-0.8583,"2025-02-06T23:32:35.411Z",-5706.0176
"Medidor 4 - ICAS","Potencia activa L1","W",-2304.9958068086544,-12354.7422,-0.8583,"2025-02-06T23:33:35.437Z",-5098.1211
"Medidor 4 - ICAS","Potencia activa L1","W",-2304.9958068086544,-12354.7422,-0.8583,"2025-02-06T23:34:35.525Z",-5855.6562
"Medidor 4 - ICAS","Potencia activa L1","W",-2304.9958068086544,-12354.7422,-0.8583,"2025-02-06T23:35:35.641Z",-5978.6792
"Medidor 4 - ICAS","Potencia activa L1","W",-2304.9958068086544,-12354.7422,-0.8583,"2025-02-06T23:36:35.721Z",-5049.605
"Medidor 4 - ICAS","Potencia activa L1","W",-2304.9958068086544,-12354.7422,-0.8583,"2025-02-06T23:37:35.701Z",-5018.6191
"Medidor 4 - ICAS","Potencia activa L1","W",-2304.9958068086544,-12354.7422,-0.8583,"2025-02-06T23:38:35.753Z",-5734.4736
"Medidor 4 - ICAS","Potencia activa L1","W",-2304.9958068086544,-12354.7422,-0.8583,"2025-02-06T23:39:35.877Z",-5779.0557
"Medidor 4 - ICAS","Potencia activa L1","W",-2304.9958068086544,-12354.7422,-0.8583,"2025-02-06T23:40:35.934Z",-5700.3223
"Medidor 4 - ICAS","Potencia activa L1","W",-2304.9958068086544,-12354.7422,-0.8583,"2025-02-06T23:41:35.991Z",-5082.2358
"Medidor 4 - ICAS","Potencia activa L1","W",-2304.9958068086544,-12354.7422,-0.8583,"2025-02-06T23:42:36.054Z",-5032.7856
"Medidor 4 - ICAS","Potencia activa L1","W",-2304.9958068086544,-12354.7422,-0.8583,"2025-02-06T23:43:36.104Z",-5740.3877
"Medidor 4 - ICAS","Potencia activa L1","W",-2304.9958068086544,-12354.7422,-0.8583,"2025-02-06T23:44:36.287Z",-6079.4233
"Medidor 4 - ICAS","Potencia activa L1","W",-2304.9958068086544,-12354.7422,-0.8583,"2025-02-06T23:45:36.351Z",-5239.7388
"Medidor 4 - ICAS","Potencia activa L1","W",-2304.9958068086544,-12354.7422,-0.8583,"2025-02-06T23:46:36.491Z",-5206.9048
"Medidor 4 - ICAS","Potencia activa L1","W",-2304.9958068086544,-12354.7422,-0.8583,"2025-02-06T23:47:36.569Z",-5259.4673
"Medidor 4 - ICAS","Potencia activa L1","W",-2304.9958068086544,-12354.7422,-0.8583,"2025-02-06T23:48:36.686Z",-5795.3101
"Medidor 4 - ICAS","Potencia activa L1","W",-2304.9958068086544,-12354.7422,-0.8583,"2025-02-06T23:49:36.764Z",-5658.5576
"Medidor 4 - ICAS","Potencia activa L1","W",-2304.9958068086544,-12354.7422,-0.8583,"2025-02-06T23:50:36.834Z",-5062.27
"Medidor 4 - ICAS","Potencia activa L1","W",-2304.9958068086544,-12354.7422,-0.8583,"2025-02-06T23:51:36.924Z",-4893.7676
"Medidor 4 - ICAS","Potencia activa L1","W",-2304.9958068086544,-12354.7422,-0.8583,"2025-02-06T23:52:37.038Z",-4865.999
"Medidor 4 - ICAS","Potencia activa L1","W",-2304.9958068086544,-12354.7422,-0.8583,"2025-02-06T23:53:37.022Z",-5485.3882
"Medidor 4 - ICAS","Potencia activa L1","W",-2304.9958068086544,-12354.7422,-0.8583,"2025-02-06T23:54:37.130Z",-5391.5986
"Medidor 4 - ICAS","Potencia activa L1","W",-2304.9958068086544,-12354.7422,-0.8583,"2025-02-06T23:55:37.178Z",-4812.0361
"Medidor 4 - ICAS","Potencia activa L1","W",-2304.9958068086544,-12354.7422,-0.8583,"2025-02-06T23:56:37.381Z",-4895.209
"Medidor 4 - ICAS","Potencia activa L1","W",-2304.9958068086544,-12354.7422,-0.8583,"2025-02-06T23:57:37.404Z",-4916.4341
"Medidor 4 - ICAS","Potencia activa L1","W",-2304.9958068086544,-12354.7422,-0.8583,"2025-02-06T23:58:37.522Z",-5654.1875
"Medidor 4 - ICAS","Potencia activa L1","W",-2304.9958068086544,-12354.7422,-0.8583,"2025-02-06T23:59:37.606Z",-5552.6162
"Medidor 4 - ICAS","Potencia activa L1","W",-2304.9958068086544,-12354.7422,-0.8583,"2025-02-07T00:00:37.731Z",-4971.0356
"Medidor 4 - ICAS","Potencia activa L1","W",-2304.9958068086544,-12354.7422,-0.8583,"2025-02-07T00:01:37.782Z",-5220.9297
"Medidor 4 - ICAS","Potencia activa L1","W",-2304.9958068086544,-12354.7422,-0.8583,"2025-02-07T00:02:37.890Z",-5001.4473
"Medidor 4 - ICAS","Potencia activa L1","W",-2304.9958068086544,-12354.7422,-0.8583,"2025-02-07T00:03:38.034Z",-5786.9043
"Medidor 4 - ICAS","Potencia activa L1","W",-2304.9958068086544,-12354.7422,-0.8583,"2025-02-07T00:04:38.061Z",-5686.6426
"Medidor 4 - ICAS","Potencia activa L1","W",-2304.9958068086544,-12354.7422,-0.8583,"2025-02-07T00:05:38.135Z",-5981.228
"Medidor 4 - ICAS","Potencia activa L1","W",-2304.9958068086544,-12354.7422,-0.8583,"2025-02-07T00:06:38.144Z",-5169.7295
"Medidor 4 - ICAS","Potencia activa L1","W",-2304.9958068086544,-12354.7422,-0.8583,"2025-02-07T00:07:38.269Z",-5184.6992
"Medidor 4 - ICAS","Potencia activa L1","W",-2304.9958068086544,-12354.7422,-0.8583,"2025-02-07T00:08:38.376Z",-5868.9521
"Medidor 4 - ICAS","Potencia activa L1","W",-2304.9958068086544,-12354.7422,-0.8583,"2025-02-07T00:09:38.381Z",-5166.8467
"Medidor 4 - ICAS","Potencia activa L1","W",-2304.9958068086544,-12354.7422,-0.8583,"2025-02-07T00:10:38.609Z",-5258.9746
"Medidor 4 - ICAS","Potencia activa L1","W",-2304.9958068086544,-12354.7422,-0.8583,"2025-02-07T00:11:38.618Z",-4179.582
"Medidor 4 - ICAS","Potencia activa L1","W",-2304.9958068086544,-12354.7422,-0.8583,"2025-02-07T00:12:38.766Z",-4594.1636
"Medidor 4 - ICAS","Potencia activa L1","W",-2304.9958068086544,-12354.7422,-0.8583,"2025-02-07T00:13:38.847Z",-4620.3169
"Medidor 4 - ICAS","Potencia activa L1","W",-2304.9958068086544,-12354.7422,-0.8583,"2025-02-07T00:14:38.878Z",-5058.5796
"Medidor 4 - ICAS","Potencia activa L1","W",-2304.9958068086544,-12354.7422,-0.8583,"2025-02-07T00:15:39.049Z",-4573.1519
"Medidor 4 - ICAS","Potencia activa L1","W",-2304.9958068086544,-12354.7422,-0.8583,"2025-02-07T00:16:38.990Z",-4611.3799
"Medidor 4 - ICAS","Potencia activa L1","W",-2304.9958068086544,-12354.7422,-0.8583,"2025-02-07T00:17:39.194Z",-5230.2783
"Medidor 4 - ICAS","Potencia activa L1","W",-2304.9958068086544,-12354.7422,-0.8583,"2025-02-07T00:18:39.258Z",-5162.5044
"Medidor 4 - ICAS","Potencia activa L1","W",-2304.9958068086544,-12354.7422,-0.8583,"2025-02-07T00:19:39.393Z",-4496.2979
"Medidor 4 - ICAS","Potencia activa L1","W",-2304.9958068086544,-12354.7422,-0.8583,"2025-02-07T00:20:39.492Z",-4469.7148
"Medidor 4 - ICAS","Potencia activa L1","W",-2304.9958068086544,-12354.7422,-0.8583,"2025-02-07T00:21:39.542Z",-4490.3652
"Medidor 4 - ICAS","Potencia activa L1","W",-2304.9958068086544,-12354.7422,-0.8583,"2025-02-07T00:22:39.647Z",-5163.2983
"Medidor 4 - ICAS","Potencia activa L1","W",-2304.9958068086544,-12354.7422,-0.8583,"2025-02-07T00:23:39.733Z",-5036.4116
"Medidor 4 - ICAS","Potencia activa L1","W",-2304.9958068086544,-12354.7422,-0.8583,"2025-02-07T00:24:39.800Z",-5060.7197
"Medidor 4 - ICAS","Potencia activa L1","W",-2304.9958068086544,-12354.7422,-0.8583,"2025-02-07T00:25:39.852Z",-4598.2852
"Medidor 4 - ICAS","Potencia activa L1","W",-2304.9958068086544,-12354.7422,-0.8583,"2025-02-07T00:26:39.973Z",-4580.6221
"Medidor 4 - ICAS","Potencia activa L1","W",-2304.9958068086544,-12354.7422,-0.8583,"2025-02-07T00:27:40.038Z",-5283.582
"Medidor 4 - ICAS","Potencia activa L1","W",-2304.9958068086544,-12354.7422,-0.8583,"2025-02-07T00:28:40.092Z",-5021.7305
"Medidor 4 - ICAS","Potencia activa L1","W",-2304.9958068086544,-12354.7422,-0.8583,"2025-02-07T00:29:40.223Z",-4253.0225
"Medidor 4 - ICAS","Potencia activa L1","W",-2304.9958068086544,-12354.7422,-0.8583,"2025-02-07T00:30:40.308Z",-4261.6743
"Medidor 4 - ICAS","Potencia activa L1","W",-2304.9958068086544,-12354.7422,-0.8583,"2025-02-07T00:31:40.388Z",-8917.0459
"Medidor 4 - ICAS","Potencia activa L1","W",-2304.9958068086544,-12354.7422,-0.8583,"2025-02-07T00:32:40.441Z",-4955.8862
"Medidor 4 - ICAS","Potencia activa L1","W",-2304.9958068086544,-12354.7422,-0.8583,"2025-02-07T00:33:40.588Z",-4862.9326
"Medidor 4 - ICAS","Potencia activa L1","W",-2304.9958068086544,-12354.7422,-0.8583,"2025-02-07T00:34:40.658Z",-4277.2661
"Medidor 4 - ICAS","Potencia activa L1","W",-2304.9958068086544,-12354.7422,-0.8583,"2025-02-07T00:35:40.782Z",-4236.0879
"Medidor 4 - ICAS","Potencia activa L1","W",-2304.9958068086544,-12354.7422,-0.8583,"2025-02-07T00:36:40.944Z",-5242.6113
"Medidor 4 - ICAS","Potencia activa L1","W",-2304.9958068086544,-12354.7422,-0.8583,"2025-02-07T00:37:40.941Z",-4960.0713
"Medidor 4 - ICAS","Potencia activa L1","W",-2304.9958068086544,-12354.7422,-0.8583,"2025-02-07T00:38:41.167Z",-4148.6963
"Medidor 4 - ICAS","Potencia activa L1","W",-2304.9958068086544,-12354.7422,-0.8583,"2025-02-07T00:39:41.148Z",-4153.2222
"Medidor 4 - ICAS","Potencia activa L1","W",-2304.9958068086544,-12354.7422,-0.8583,"2025-02-07T00:40:41.315Z",-4161.5005
"Medidor 4 - ICAS","Potencia activa L1","W",-2304.9958068086544,-12354.7422,-0.8583,"2025-02-07T00:41:41.328Z",-4911.3467
"Medidor 4 - ICAS","Potencia activa L1","W",-2304.9958068086544,-12354.7422,-0.8583,"2025-02-07T00:42:41.369Z",-4782.4375
"Medidor 4 - ICAS","Potencia activa L1","W",-2304.9958068086544,-12354.7422,-0.8583,"2025-02-07T00:43:41.464Z",-4139.6714
"Medidor 4 - ICAS","Potencia activa L1","W",-2304.9958068086544,-12354.7422,-0.8583,"2025-02-07T00:44:41.542Z",-4121.2617
"Medidor 4 - ICAS","Potencia activa L1","W",-2304.9958068086544,-12354.7422,-0.8583,"2025-02-07T00:45:41.587Z",-4126.1641
"Medidor 4 - ICAS","Potencia activa L1","W",-2304.9958068086544,-12354.7422,-0.8583,"2025-02-07T00:46:41.688Z",-4996.2251
"Medidor 4 - ICAS","Potencia activa L1","W",-2304.9958068086544,-12354.7422,-0.8583,"2025-02-07T00:47:41.794Z",-4853.8813
"Medidor 4 - ICAS","Potencia activa L1","W",-2304.9958068086544,-12354.7422,-0.8583,"2025-02-07T00:48:41.874Z",-4158.5674
"Medidor 4 - ICAS","Potencia activa L1","W",-2304.9958068086544,-12354.7422,-0.8583,"2025-02-07T00:49:42.027Z",-4002.4915
"Medidor 4 - ICAS","Potencia activa L1","W",-2304.9958068086544,-12354.7422,-0.8583,"2025-02-07T00:50:42.025Z",-4660.8311
"Medidor 4 - ICAS","Potencia activa L1","W",-2304.9958068086544,-12354.7422,-0.8583,"2025-02-07T00:51:42.061Z",-4625.1704
"Medidor 4 - ICAS","Potencia activa L1","W",-2304.9958068086544,-12354.7422,-0.8583,"2025-02-07T00:52:42.141Z",-4534.3159
"Medidor 4 - ICAS","Potencia activa L1","W",-2304.9958068086544,-12354.7422,-0.8583,"2025-02-07T00:53:42.228Z",-3981.7212
"Medidor 4 - ICAS","Potencia activa L1","W",-2304.9958068086544,-12354.7422,-0.8583,"2025-02-07T00:54:42.284Z",-4193.1484
"Medidor 4 - ICAS","Potencia activa L1","W",-2304.9958068086544,-12354.7422,-0.8583,"2025-02-07T00:55:42.412Z",-3981.5195
"Medidor 4 - ICAS","Potencia activa L1","W",-2304.9958068086544,-12354.7422,-0.8583,"2025-02-07T00:56:42.540Z",-4738.0562
"Medidor 4 - ICAS","Potencia activa L1","W",-2304.9958068086544,-12354.7422,-0.8583,"2025-02-07T00:57:42.557Z",-4615.687
"Medidor 4 - ICAS","Potencia activa L1","W",-2304.9958068086544,-12354.7422,-0.8583,"2025-02-07T00:58:42.689Z",-4023.6929
"Medidor 4 - ICAS","Potencia activa L1","W",-2304.9958068086544,-12354.7422,-0.8583,"2025-02-07T00:59:42.730Z",-4000.9104
"Medidor 4 - ICAS","Potencia activa L1","W",-2304.9958068086544,-12354.7422,-0.8583,"2025-02-07T01:00:42.837Z",-4168.27
"Medidor 4 - ICAS","Potencia activa L1","W",-2304.9958068086544,-12354.7422,-0.8583,"2025-02-07T01:01:42.864Z",-4866.4155
"Medidor 4 - ICAS","Potencia activa L1","W",-2304.9958068086544,-12354.7422,-0.8583,"2025-02-07T01:02:42.925Z",-4137.2603
"Medidor 4 - ICAS","Potencia activa L1","W",-2304.9958068086544,-12354.7422,-0.8583,"2025-02-07T01:03:42.981Z",-3952.4607
"Medidor 4 - ICAS","Potencia activa L1","W",-2304.9958068086544,-12354.7422,-0.8583,"2025-02-07T01:04:43.073Z",-3957.188
"Medidor 4 - ICAS","Potencia activa L1","W",-2304.9958068086544,-12354.7422,-0.8583,"2025-02-07T01:05:43.133Z",-4709.3057
"Medidor 4 - ICAS","Potencia activa L1","W",-2304.9958068086544,-12354.7422,-0.8583,"2025-02-07T01:06:43.312Z",-4585.6045
"Medidor 4 - ICAS","Potencia activa L1","W",-2304.9958068086544,-12354.7422,-0.8583,"2025-02-07T01:07:43.368Z",-3934.9575
"Medidor 4 - ICAS","Potencia activa L1","W",-2304.9958068086544,-12354.7422,-0.8583,"2025-02-07T01:08:43.417Z",-3897.8784
"Medidor 4 - ICAS","Potencia activa L1","W",-2304.9958068086544,-12354.7422,-0.8583,"2025-02-07T01:09:43.515Z",-3882.4512
"Medidor 4 - ICAS","Potencia activa L1","W",-2304.9958068086544,-12354.7422,-0.8583,"2025-02-07T01:10:43.563Z",-4612.9629
"Medidor 4 - ICAS","Potencia activa L1","W",-2304.9958068086544,-12354.7422,-0.8583,"2025-02-07T01:11:43.637Z",-4565.1958
"Medidor 4 - ICAS","Potencia activa L1","W",-2304.9958068086544,-12354.7422,-0.8583,"2025-02-07T01:12:43.581Z",-4314.7744
"Medidor 4 - ICAS","Potencia activa L1","W",-2304.9958068086544,-12354.7422,-0.8583,"2025-02-07T01:13:43.735Z",-4099.085
"Medidor 4 - ICAS","Potencia activa L1","W",-2304.9958068086544,-12354.7422,-0.8583,"2025-02-07T01:14:43.808Z",-4085.6653
"Medidor 4 - ICAS","Potencia activa L1","W",-2304.9958068086544,-12354.7422,-0.8583,"2025-02-07T01:15:43.852Z",-4649.9526
"Medidor 4 - ICAS","Potencia activa L1","W",-2304.9958068086544,-12354.7422,-0.8583,"2025-02-07T01:16:43.882Z",-4586.3159
"Medidor 4 - ICAS","Potencia activa L1","W",-2304.9958068086544,-12354.7422,-0.8583,"2025-02-07T01:17:43.995Z",-3972.175
"Medidor 4 - ICAS","Potencia activa L1","W",-2304.9958068086544,-12354.7422,-0.8583,"2025-02-07T01:18:44.015Z",-3965.0215
"Medidor 4 - ICAS","Potencia activa L1","W",-2304.9958068086544,-12354.7422,-0.8583,"2025-02-07T01:19:44.190Z",-3909.9331
"Medidor 4 - ICAS","Potencia activa L1","W",-2304.9958068086544,-12354.7422,-0.8583,"2025-02-07T01:20:44.227Z",-4530.582
"Medidor 4 - ICAS","Potencia activa L1","W",-2304.9958068086544,-12354.7422,-0.8583,"2025-02-07T01:21:44.374Z",-4077.3096
"Medidor 4 - ICAS","Potencia activa L1","W",-2304.9958068086544,-12354.7422,-0.8583,"2025-02-07T01:22:44.439Z",-4684.2461
"Medidor 4 - ICAS","Potencia activa L1","W",-2304.9958068086544,-12354.7422,-0.8583,"2025-02-07T01:23:44.498Z",-3989.7886
"Medidor 4 - ICAS","Potencia activa L1","W",-2304.9958068086544,-12354.7422,-0.8583,"2025-02-07T01:24:44.522Z",-4719.1333
"Medidor 4 - ICAS","Potencia activa L1","W",-2304.9958068086544,-12354.7422,-0.8583,"2025-02-07T01:25:44.653Z",-4452.3979
"Medidor 4 - ICAS","Potencia activa L1","W",-2304.9958068086544,-12354.7422,-0.8583,"2025-02-07T01:26:44.691Z",-3837.519
"Medidor 4 - ICAS","Potencia activa L1","W",-2304.9958068086544,-12354.7422,-0.8583,"2025-02-07T01:27:44.851Z",-3850.9004
"Medidor 4 - ICAS","Potencia activa L1","W",-2304.9958068086544,-12354.7422,-0.8583,"2025-02-07T01:28:44.887Z",-3859.1113
"Medidor 4 - ICAS","Potencia activa L1","W",-2304.9958068086544,-12354.7422,-0.8583,"2025-02-07T01:29:44.999Z",-4580.5366
"Medidor 4 - ICAS","Potencia activa L1","W",-2304.9958068086544,-12354.7422,-0.8583,"2025-02-07T01:30:45.143Z",-4671.4624
"Medidor 4 - ICAS","Potencia activa L1","W",-2304.9958068086544,-12354.7422,-0.8583,"2025-02-07T01:31:45.179Z",-3717.9126
"Medidor 4 - ICAS","Potencia activa L1","W",-2304.9958068086544,-12354.7422,-0.8583,"2025-02-07T01:32:45.259Z",-3716.2563
"Medidor 4 - ICAS","Potencia activa L1","W",-2304.9958068086544,-12354.7422,-0.8583,"2025-02-07T01:33:45.351Z",-3716.7695
"Medidor 4 - ICAS","Potencia activa L1","W",-2304.9958068086544,-12354.7422,-0.8583,"2025-02-07T01:34:45.487Z",-4395.2583
"Medidor 4 - ICAS","Potencia activa L1","W",-2304.9958068086544,-12354.7422,-0.8583,"2025-02-07T01:35:45.577Z",-4284.8057
"Medidor 4 - ICAS","Potencia activa L1","W",-2304.9958068086544,-12354.7422,-0.8583,"2025-02-07T01:36:45.677Z",-3635.0247
"Medidor 4 - ICAS","Potencia activa L1","W",-2304.9958068086544,-12354.7422,-0.8583,"2025-02-07T01:37:45.745Z",-3647.0288
"Medidor 4 - ICAS","Potencia activa L1","W",-2304.9958068086544,-12354.7422,-0.8583,"2025-02-07T01:38:45.822Z",-3755.4761
"Medidor 4 - ICAS","Potencia activa L1","W",-2304.9958068086544,-12354.7422,-0.8583,"2025-02-07T01:39:45.941Z",-4477.5674
"Medidor 4 - ICAS","Potencia activa L1","W",-2304.9958068086544,-12354.7422,-0.8583,"2025-02-07T01:40:46.028Z",-3793.1611
"Medidor 4 - ICAS","Potencia activa L1","W",-2304.9958068086544,-12354.7422,-0.8583,"2025-02-07T01:41:46.111Z",-3629.2532
"Medidor 4 - ICAS","Potencia activa L1","W",-2304.9958068086544,-12354.7422,-0.8583,"2025-02-07T01:42:46.188Z",-4361.1587
"Medidor 4 - ICAS","Potencia activa L1","W",-2304.9958068086544,-12354.7422,-0.8583,"2025-02-07T01:43:46.280Z",-4349.208
"Medidor 4 - ICAS","Potencia activa L1","W",-2304.9958068086544,-12354.7422,-0.8583,"2025-02-07T01:44:46.383Z",-4237.124
"Medidor 4 - ICAS","Potencia activa L1","W",-2304.9958068086544,-12354.7422,-0.8583,"2025-02-07T01:45:46.513Z",-3631.6025
"Medidor 4 - ICAS","Potencia activa L1","W",-2304.9958068086544,-12354.7422,-0.8583,"2025-02-07T01:46:46.549Z",-3637.1445
"Medidor 4 - ICAS","Potencia activa L1","W",-2304.9958068086544,-12354.7422,-0.8583,"2025-02-07T01:47:46.639Z",-3657.1934
"Medidor 4 - ICAS","Potencia activa L1","W",-2304.9958068086544,-12354.7422,-0.8583,"2025-02-07T01:48:46.760Z",-4384.2925
"Medidor 4 - ICAS","Potencia activa L1","W",-2304.9958068086544,-12354.7422,-0.8583,"2025-02-07T01:49:46.736Z",-4550.3032
"Medidor 4 - ICAS","Potencia activa L1","W",-2304.9958068086544,-12354.7422,-0.8583,"2025-02-07T01:50:46.875Z",-3703.5029
"Medidor 4 - ICAS","Potencia activa L1","W",-2304.9958068086544,-12354.7422,-0.8583,"2025-02-07T01:51:47.007Z",-3890.437
"Medidor 4 - ICAS","Potencia activa L1","W",-2304.9958068086544,-12354.7422,-0.8583,"2025-02-07T01:52:47.118Z",-3878.1567
"Medidor 4 - ICAS","Potencia activa L1","W",-2304.9958068086544,-12354.7422,-0.8583,"2025-02-07T01:53:47.158Z",-4477.4883
"Medidor 4 - ICAS","Potencia activa L1","W",-2304.9958068086544,-12354.7422,-0.8583,"2025-02-07T01:54:47.345Z",-3728.6084
"Medidor 4 - ICAS","Potencia activa L1","W",-2304.9958068086544,-12354.7422,-0.8583,"2025-02-07T01:55:47.364Z",-3723.9514
"Medidor 4 - ICAS","Potencia activa L1","W",-2304.9958068086544,-12354.7422,-0.8583,"2025-02-07T01:56:47.440Z",-3694.4849
"Medidor 4 - ICAS","Potencia activa L1","W",-2304.9958068086544,-12354.7422,-0.8583,"2025-02-07T01:57:47.602Z",-3738.5339
"Medidor 4 - ICAS","Potencia activa L1","W",-2304.9958068086544,-12354.7422,-0.8583,"2025-02-07T01:58:47.606Z",-4449.8442
"Medidor 4 - ICAS","Potencia activa L1","W",-2304.9958068086544,-12354.7422,-0.8583,"2025-02-07T01:59:47.742Z",-4337.0479
"Medidor 4 - ICAS","Potencia activa L1","W",-2304.9958068086544,-12354.7422,-0.8583,"2025-02-07T02:00:47.844Z",-3898.1064
"Medidor 4 - ICAS","Potencia activa L1","W",-2304.9958068086544,-12354.7422,-0.8583,"2025-02-07T02:01:47.858Z",-3904.3325
"Medidor 4 - ICAS","Potencia activa L1","W",-2304.9958068086544,-12354.7422,-0.8583,"2025-02-07T02:02:48.000Z",-3894.054
"Medidor 4 - ICAS","Potencia activa L1","W",-2304.9958068086544,-12354.7422,-0.8583,"2025-02-07T02:03:48.141Z",-4415.7217
"Medidor 4 - ICAS","Potencia activa L1","W",-2304.9958068086544,-12354.7422,-0.8583,"2025-02-07T02:04:48.203Z",-3716.8958
"Medidor 4 - ICAS","Potencia activa L1","W",-2304.9958068086544,-12354.7422,-0.8583,"2025-02-07T02:05:48.297Z",-4509.6123
"Medidor 4 - ICAS","Potencia activa L1","W",-2304.9958068086544,-12354.7422,-0.8583,"2025-02-07T02:06:48.341Z",-3743.292
"Medidor 4 - ICAS","Potencia activa L1","W",-2304.9958068086544,-12354.7422,-0.8583,"2025-02-07T02:07:48.424Z",-4509.8447
"Medidor 4 - ICAS","Potencia activa L1","W",-2304.9958068086544,-12354.7422,-0.8583,"2025-02-07T02:08:48.498Z",-4394.3096
"Medidor 4 - ICAS","Potencia activa L1","W",-2304.9958068086544,-12354.7422,-0.8583,"2025-02-07T02:09:48.591Z",-3726.2725
"Medidor 4 - ICAS","Potencia activa L1","W",-2304.9958068086544,-12354.7422,-0.8583,"2025-02-07T02:10:48.707Z",-3734.2397
"Medidor 4 - ICAS","Potencia activa L1","W",-2304.9958068086544,-12354.7422,-0.8583,"2025-02-07T02:11:48.744Z",-3736.3804
"Medidor 4 - ICAS","Potencia activa L1","W",-2304.9958068086544,-12354.7422,-0.8583,"2025-02-07T02:12:48.748Z",-4422.1533
"Medidor 4 - ICAS","Potencia activa L1","W",-2304.9958068086544,-12354.7422,-0.8583,"2025-02-07T02:13:48.853Z",-4289.4634
"Medidor 4 - ICAS","Potencia activa L1","W",-2304.9958068086544,-12354.7422,-0.8583,"2025-02-07T02:14:48.961Z",-3636.1182
"Medidor 4 - ICAS","Potencia activa L1","W",-2304.9958068086544,-12354.7422,-0.8583,"2025-02-07T02:15:49.033Z",-3580.6077
"Medidor 4 - ICAS","Potencia activa L1","W",-2304.9958068086544,-12354.7422,-0.8583,"2025-02-07T02:16:49.055Z",-3588.3984
"Medidor 4 - ICAS","Potencia activa L1","W",-2304.9958068086544,-12354.7422,-0.8583,"2025-02-07T02:17:49.143Z",-4309.1157
"Medidor 4 - ICAS","Potencia activa L1","W",-2304.9958068086544,-12354.7422,-0.8583,"2025-02-07T02:18:49.292Z",-4177.249
"Medidor 4 - ICAS","Potencia activa L1","W",-2304.9958068086544,-12354.7422,-0.8583,"2025-02-07T02:19:49.380Z",-3511.7808
"Medidor 4 - ICAS","Potencia activa L1","W",-2304.9958068086544,-12354.7422,-0.8583,"2025-02-07T02:20:49.442Z",-3420.7029
"Medidor 4 - ICAS","Potencia activa L1","W",-2304.9958068086544,-12354.7422,-0.8583,"2025-02-07T02:21:49.483Z",-3544.1318
"Medidor 4 - ICAS","Potencia activa L1","W",-2304.9958068086544,-12354.7422,-0.8583,"2025-02-07T02:22:49.597Z",-4262.7139
"Medidor 4 - ICAS","Potencia activa L1","W",-2304.9958068086544,-12354.7422,-0.8583,"2025-02-07T02:23:49.672Z",-3940.7656
"Medidor 4 - ICAS","Potencia activa L1","W",-2304.9958068086544,-12354.7422,-0.8583,"2025-02-07T02:24:49.724Z",-3336.2878
"Medidor 4 - ICAS","Potencia activa L1","W",-2304.9958068086544,-12354.7422,-0.8583,"2025-02-07T02:25:49.717Z",-3332.8357
"Medidor 4 - ICAS","Potencia activa L1","W",-2304.9958068086544,-12354.7422,-0.8583,"2025-02-07T02:26:49.855Z",-4063.0776
"Medidor 4 - ICAS","Potencia activa L1","W",-2304.9958068086544,-12354.7422,-0.8583,"2025-02-07T02:27:49.888Z",-3979.2852
"Medidor 4 - ICAS","Potencia activa L1","W",-2304.9958068086544,-12354.7422,-0.8583,"2025-02-07T02:28:50.075Z",-3326.4402
"Medidor 4 - ICAS","Potencia activa L1","W",-2304.9958068086544,-12354.7422,-0.8583,"2025-02-07T02:29:50.149Z",-3326.6387
"Medidor 4 - ICAS","Potencia activa L1","W",-2304.9958068086544,-12354.7422,-0.8583,"2025-02-07T02:30:50.251Z",-3544.4878
"Medidor 4 - ICAS","Potencia activa L1","W",-2304.9958068086544,-12354.7422,-0.8583,"2025-02-07T02:31:50.382Z",-4230.603
"Medidor 4 - ICAS","Potencia activa L1","W",-2304.9958068086544,-12354.7422,-0.8583,"2025-02-07T02:32:50.396Z",-3965.9604
"Medidor 4 - ICAS","Potencia activa L1","W",-2304.9958068086544,-12354.7422,-0.8583,"2025-02-07T02:33:50.439Z",-3218.8196
"Medidor 4 - ICAS","Potencia activa L1","W",-2304.9958068086544,-12354.7422,-0.8583,"2025-02-07T02:34:50.519Z",-3214.1836
"Medidor 4 - ICAS","Potencia activa L1","W",-2304.9958068086544,-12354.7422,-0.8583,"2025-02-07T02:35:50.699Z",-3233.3037
"Medidor 4 - ICAS","Potencia activa L1","W",-2304.9958068086544,-12354.7422,-0.8583,"2025-02-07T02:36:50.698Z",-3975.0796
"Medidor 4 - ICAS","Potencia activa L1","W",-2304.9958068086544,-12354.7422,-0.8583,"2025-02-07T02:37:50.823Z",-3864.136
"Medidor 4 - ICAS","Potencia activa L1","W",-2304.9958068086544,-12354.7422,-0.8583,"2025-02-07T02:38:50.907Z",-3239.1899
"Medidor 4 - ICAS","Potencia activa L1","W",-2304.9958068086544,-12354.7422,-0.8583,"2025-02-07T02:39:50.969Z",-3240.6689
"Medidor 4 - ICAS","Potencia activa L1","W",-2304.9958068086544,-12354.7422,-0.8583,"2025-02-07T02:40:51.124Z",-3220.8296
"Medidor 4 - ICAS","Potencia activa L1","W",-2304.9958068086544,-12354.7422,-0.8583,"2025-02-07T02:41:51.185Z",-3966.2695
"Medidor 4 - ICAS","Potencia activa L1","W",-2304.9958068086544,-12354.7422,-0.8583,"2025-02-07T02:42:51.325Z",-3814.0232
"Medidor 4 - ICAS","Potencia activa L1","W",-2304.9958068086544,-12354.7422,-0.8583,"2025-02-07T02:43:51.351Z",-3539.6902
"Medidor 4 - ICAS","Potencia activa L1","W",-2304.9958068086544,-12354.7422,-0.8583,"2025-02-07T02:44:51.493Z",-3178.0425
"Medidor 4 - ICAS","Potencia activa L1","W",-2304.9958068086544,-12354.7422,-0.8583,"2025-02-07T02:45:51.530Z",-3615.6399
"Medidor 4 - ICAS","Potencia activa L1","W",-2304.9958068086544,-12354.7422,-0.8583,"2025-02-07T02:46:51.659Z",-2203.6392
"Medidor 4 - ICAS","Potencia activa L1","W",-2304.9958068086544,-12354.7422,-0.8583,"2025-02-07T02:47:51.703Z",-2821.6125
"Medidor 4 - ICAS","Potencia activa L1","W",-2304.9958068086544,-12354.7422,-0.8583,"2025-02-07T02:48:51.787Z",-1645.2002
"Medidor 4 - ICAS","Potencia activa L1","W",-2304.9958068086544,-12354.7422,-0.8583,"2025-02-07T02:49:51.941Z",-1699.2063
"Medidor 4 - ICAS","Potencia activa L1","W",-2304.9958068086544,-12354.7422,-0.8583,"2025-02-07T02:50:51.976Z",-1690.2849
"Medidor 4 - ICAS","Potencia activa L1","W",-2304.9958068086544,-12354.7422,-0.8583,"2025-02-07T02:51:52.075Z",-2192.604
"Medidor 4 - ICAS","Potencia activa L1","W",-2304.9958068086544,-12354.7422,-0.8583,"2025-02-07T02:52:52.100Z",-2204.936
"Medidor 4 - ICAS","Potencia activa L1","W",-2304.9958068086544,-12354.7422,-0.8583,"2025-02-07T02:53:52.180Z",-1041.176
"Medidor 4 - ICAS","Potencia activa L1","W",-2304.9958068086544,-12354.7422,-0.8583,"2025-02-07T02:54:52.198Z",-1047.5574
"Medidor 4 - ICAS","Potencia activa L1","W",-2304.9958068086544,-12354.7422,-0.8583,"2025-02-07T02:55:52.309Z",-798.5281
"Medidor 4 - ICAS","Potencia activa L1","W",-2304.9958068086544,-12354.7422,-0.8583,"2025-02-07T02:56:52.332Z",-1417.6089
"Medidor 4 - ICAS","Potencia activa L1","W",-2304.9958068086544,-12354.7422,-0.8583,"2025-02-07T02:57:52.428Z",-1495.0896
"Medidor 4 - ICAS","Potencia activa L1","W",-2304.9958068086544,-12354.7422,-0.8583,"2025-02-07T02:58:52.500Z",-855.9697
"Medidor 4 - ICAS","Potencia activa L1","W",-2304.9958068086544,-12354.7422,-0.8583,"2025-02-07T02:59:52.536Z",-654.6742
"Medidor 4 - ICAS","Potencia activa L1","W",-2304.9958068086544,-12354.7422,-0.8583,"2025-02-07T03:00:52.629Z",-871.6422
"Medidor 4 - ICAS","Potencia activa L1","W",-2304.9958068086544,-12354.7422,-0.8583,"2025-02-07T03:01:52.741Z",-1377.885
"Medidor 4 - ICAS","Potencia activa L1","W",-2304.9958068086544,-12354.7422,-0.8583,"2025-02-07T03:02:52.814Z",-1266.9515