"Device","Measurement","Unit","Average","Minimum","Maximum","Timestamp","Value"
"Medidor 2 - L9","Potencia activa L3","W",448.96420273873895,74.2797,2807.145,"2025-03-22T06:07:02.334Z",112.505
"Medidor 2 - L9","Potencia activa L3","W",448.96420273873895,74.2797,2807.145,"2025-03-22T06:08:02.329Z",123.0153
"Medidor 2 - L9","Potencia activa L3","W",448.96420273873895,74.2797,2807.145,"2025-03-22T06:09:02.394Z",117.8771
"Medidor 2 - L9","Potencia activa L3","W",448.96420273873895,74.2797,2807.145,"2025-03-22T06:10:02.521Z",114.0808
"Medidor 2 - L9","Potencia activa L3","W",448.96420273873895,74.2797,2807.145,"2025-03-22T06:11:02.642Z",113.2741
"Medidor 2 - L9","Potencia activa L3","W",448.96420273873895,74.2797,2807.145,"2025-03-22T06:12:02.698Z",114.2502
"Medidor 2 - L9","Potencia activa L3","W",448.96420273873895,74.2797,2807.145,"2025-03-22T06:13:02.796Z",111.7416
"Medidor 2 - L9","Potencia activa L3","W",448.96420273873895,74.2797,2807.145,"2025-03-22T06:14:02.868Z",112.3518
"Medidor 2 - L9","Potencia activa L3","W",448.96420273873895,74.2797,2807.145,"2025-03-22T06:15:02.951Z",112.1797
"Medidor 2 - L9","Potencia activa L3","W",448.96420273873895,74.2797,2807.145,"2025-03-22T06:16:02.988Z",110.7447
"Medidor 2 - L9","Potencia activa L3","W",448.96420273873895,74.2797,2807.145,"2025-03-22T06:17:03.154Z",338.4125
"Medidor 2 - L9","Potencia activa L3","W",448.96420273873895,74.2797,2807.145,"2025-03-22T06:18:03.234Z",337.5078
"Medidor 2 - L9","Potencia activa L3","W",448.96420273873895,74.2797,2807.145,"2025-03-22T06:19:03.301Z",112.2991
"Medidor 2 - L9","Potencia activa L3","W",448.96420273873895,74.2797,2807.145,"2025-03-22T06:20:03.390Z",119.035
"Medidor 2 - L9","Potencia activa L3","W",448.96420273873895,74.2797,2807.145,"2025-03-22T06:21:03.490Z",119.8129
"Medidor 2 - L9","Potencia activa L3","W",448.96420273873895,74.2797,2807.145,"2025-03-22T06:22:03.512Z",121.84
"Medidor 2 - L9","Potencia activa L3","W",448.96420273873895,74.2797,2807.145,"2025-03-22T06:23:03.596Z",111.3352
"Medidor 2 - L9","Potencia activa L3","W",448.96420273873895,74.2797,2807.145,"2025-03-22T06:24:03.695Z",110.826
"Medidor 2 - L9","Potencia activa L3","W",448.96420273873895,74.2797,2807.145,"2025-03-22T06:25:03.849Z",109.2697
"Medidor 2 - L9","Potencia activa L3","W",448.96420273873895,74.2797,2807.145,"2025-03-22T06:26:03.840Z",113.6172
"Medidor 2 - L9","Potencia activa L3","W",448.96420273873895,74.2797,2807.145,"2025-03-22T06:27:04.057Z",109.9078
"Medidor 2 - L9","Potencia activa L3","W",448.96420273873895,74.2797,2807.145,"2025-03-22T06:28:04.149Z",111.838
"Medidor 2 - L9","Potencia activa L3","W",448.96420273873895,74.2797,2807.145,"2025-03-22T06:29:04.186Z",105.4093
"Medidor 2 - L9","Potencia activa L3","W",448.96420273873895,74.2797,2807.145,"2025-03-22T06:30:04.298Z",109.6525
"Medidor 2 - L9","Potencia activa L3","W",448.96420273873895,74.2797,2807.145,"2025-03-22T06:31:04.426Z",102.0982
"Medidor 2 - L9","Potencia activa L3","W",448.96420273873895,74.2797,2807.145,"2025-03-22T06:32:04.500Z",109.347
"Medidor 2 - L9","Potencia activa L3","W",448.96420273873895,74.2797,2807.145,"2025-03-22T06:33:04.586Z",112.8474
"Medidor 2 - L9","Potencia activa L3","W",448.96420273873895,74.2797,2807.145,"2025-03-22T06:34:04.737Z",110.0321
"Medidor 2 - L9","Potencia activa L3","W",448.96420273873895,74.2797,2807.145,"2025-03-22T06:35:04.867Z",108.9621
"Medidor 2 - L9","Potencia activa L3","W",448.96420273873895,74.2797,2807.145,"2025-03-22T06:36:04.906Z",109.6311
"Medidor 2 - L9","Potencia activa L3","W",448.96420273873895,74.2797,2807.145,"2025-03-22T06:37:05.086Z",109.1158
"Medidor 2 - L9","Potencia activa L3","W",448.96420273873895,74.2797,2807.145,"2025-03-22T06:38:05.094Z",110.6325
"Medidor 2 - L9","Potencia activa L3","W",448.96420273873895,74.2797,2807.145,"2025-03-22T06:39:05.170Z",110.2676
"Medidor 2 - L9","Potencia activa L3","W",448.96420273873895,74.2797,2807.145,"2025-03-22T06:40:05.241Z",123.1568
"Medidor 2 - L9","Potencia activa L3","W",448.96420273873895,74.2797,2807.145,"2025-03-22T06:41:05.332Z",122.5372
"Medidor 2 - L9","Potencia activa L3","W",448.96420273873895,74.2797,2807.145,"2025-03-22T06:42:05.421Z",119.6611
"Medidor 2 - L9","Potencia activa L3","W",448.96420273873895,74.2797,2807.145,"2025-03-22T06:43:05.497Z",110.8091
"Medidor 2 - L9","Potencia activa L3","W",448.96420273873895,74.2797,2807.145,"2025-03-22T06:44:05.512Z",109.9211
"Medidor 2 - L9","Potencia activa L3","W",448.96420273873895,74.2797,2807.145,"2025-03-22T06:45:05.621Z",110.6235
"Medidor 2 - L9","Potencia activa L3","W",448.96420273873895,74.2797,2807.145,"2025-03-22T06:46:05.732Z",112.0891
"Medidor 2 - L9","Potencia activa L3","W",448.96420273873895,74.2797,2807.145,"2025-03-22T06:47:05.719Z",111.6635
"Medidor 2 - L9","Potencia activa L3","W",448.96420273873895,74.2797,2807.145,"2025-03-22T06:48:05.804Z",110.416
"Medidor 2 - L9","Potencia activa L3","W",448.96420273873895,74.2797,2807.145,"2025-03-22T06:49:05.874Z",110.9841
"Medidor 2 - L9","Potencia activa L3","W",448.96420273873895,74.2797,2807.145,"2025-03-22T06:50:05.975Z",110.8939
"Medidor 2 - L9","Potencia activa L3","W",448.96420273873895,74.2797,2807.145,"2025-03-22T06:51:06.122Z",337.951
"Medidor 2 - L9","Potencia activa L3","W",448.96420273873895,74.2797,2807.145,"2025-03-22T06:52:06.196Z",342.4348
"Medidor 2 - L9","Potencia activa L3","W",448.96420273873895,74.2797,2807.145,"2025-03-22T06:53:06.276Z",113.0405
"Medidor 2 - L9","Potencia activa L3","W",448.96420273873895,74.2797,2807.145,"2025-03-22T06:54:06.316Z",107.1988
"Medidor 2 - L9","Potencia activa L3","W",448.96420273873895,74.2797,2807.145,"2025-03-22T06:55:06.427Z",112.8519
"Medidor 2 - L9","Potencia activa L3","W",448.96420273873895,74.2797,2807.145,"2025-03-22T06:56:06.479Z",110.0694
"Medidor 2 - L9","Potencia activa L3","W",448.96420273873895,74.2797,2807.145,"2025-03-22T06:57:06.544Z",112.3957
"Medidor 2 - L9","Potencia activa L3","W",448.96420273873895,74.2797,2807.145,"2025-03-22T06:58:06.690Z",114.7674
"Medidor 2 - L9","Potencia activa L3","W",448.96420273873895,74.2797,2807.145,"2025-03-22T06:59:06.785Z",108.562
"Medidor 2 - L9","Potencia activa L3","W",448.96420273873895,74.2797,2807.145,"2025-03-22T07:00:06.842Z",110.9425
"Medidor 2 - L9","Potencia activa L3","W",448.96420273873895,74.2797,2807.145,"2025-03-22T07:01:06.947Z",120.3781
"Medidor 2 - L9","Potencia activa L3","W",448.96420273873895,74.2797,2807.145,"2025-03-22T07:02:07.020Z",120.5066
"Medidor 2 - L9","Potencia activa L3","W",448.96420273873895,74.2797,2807.145,"2025-03-22T07:03:07.082Z",111.2818
"Medidor 2 - L9","Potencia activa L3","W",448.96420273873895,74.2797,2807.145,"2025-03-22T07:04:07.242Z",109.6952
"Medidor 2 - L9","Potencia activa L3","W",448.96420273873895,74.2797,2807.145,"2025-03-22T07:05:07.295Z",109.2315
"Medidor 2 - L9","Potencia activa L3","W",448.96420273873895,74.2797,2807.145,"2025-03-22T07:06:07.397Z",112.4128
"Medidor 2 - L9","Potencia activa L3","W",448.96420273873895,74.2797,2807.145,"2025-03-22T07:07:07.463Z",111.8341
"Medidor 2 - L9","Potencia activa L3","W",448.96420273873895,74.2797,2807.145,"2025-03-22T07:08:07.565Z",111.4815
"Medidor 2 - L9","Potencia activa L3","W",448.96420273873895,74.2797,2807.145,"2025-03-22T07:09:07.557Z",111.0297
"Medidor 2 - L9","Potencia activa L3","W",448.96420273873895,74.2797,2807.145,"2025-03-22T07:10:07.638Z",110.6106
"Medidor 2 - L9","Potencia activa L3","W",448.96420273873895,74.2797,2807.145,"2025-03-22T07:11:07.737Z",113.4506
"Medidor 2 - L9","Potencia activa L3","W",448.96420273873895,74.2797,2807.145,"2025-03-22T07:12:07.805Z",110.3793
"Medidor 2 - L9","Potencia activa L3","W",448.96420273873895,74.2797,2807.145,"2025-03-22T07:13:07.895Z",108.7239
"Medidor 2 - L9","Potencia activa L3","W",448.96420273873895,74.2797,2807.145,"2025-03-22T07:14:07.986Z",107.5054
"Medidor 2 - L9","Potencia activa L3","W",448.96420273873895,74.2797,2807.145,"2025-03-22T07:15:08.024Z",111.1633
"Medidor 2 - L9","Potencia activa L3","W",448.96420273873895,74.2797,2807.145,"2025-03-22T07:16:08.217Z",108.7832
"Medidor 2 - L9","Potencia activa L3","W",448.96420273873895,74.2797,2807.145,"2025-03-22T07:17:08.198Z",110.0117
"Medidor 2 - L9","Potencia activa L3","W",448.96420273873895,74.2797,2807.145,"2025-03-22T07:18:08.315Z",111.4438
"Medidor 2 - L9","Potencia activa L3","W",448.96420273873895,74.2797,2807.145,"2025-03-22T07:19:08.383Z",100.3301
"Medidor 2 - L9","Potencia activa L3","W",448.96420273873895,74.2797,2807.145,"2025-03-22T07:20:08.464Z",111.839
"Medidor 2 - L9","Potencia activa L3","W",448.96420273873895,74.2797,2807.145,"2025-03-22T07:21:08.595Z",123.899
"Medidor 2 - L9","Potencia activa L3","W",448.96420273873895,74.2797,2807.145,"2025-03-22T07:22:08.645Z",124.131
"Medidor 2 - L9","Potencia activa L3","W",448.96420273873895,74.2797,2807.145,"2025-03-22T07:23:08.763Z",341.3116
"Medidor 2 - L9","Potencia activa L3","W",448.96420273873895,74.2797,2807.145,"2025-03-22T07:24:08.807Z",340.4478
"Medidor 2 - L9","Potencia activa L3","W",448.96420273873895,74.2797,2807.145,"2025-03-22T07:25:08.803Z",113.3825
"Medidor 2 - L9","Potencia activa L3","W",448.96420273873895,74.2797,2807.145,"2025-03-22T07:26:08.905Z",114.093
"Medidor 2 - L9","Potencia activa L3","W",448.96420273873895,74.2797,2807.145,"2025-03-22T07:27:08.943Z",110.232
"Medidor 2 - L9","Potencia activa L3","W",448.96420273873895,74.2797,2807.145,"2025-03-22T07:28:09.046Z",110.6681
"Medidor 2 - L9","Potencia activa L3","W",448.96420273873895,74.2797,2807.145,"2025-03-22T07:29:09.161Z",112.782
"Medidor 2 - L9","Potencia activa L3","W",448.96420273873895,74.2797,2807.145,"2025-03-22T07:30:09.217Z",111.5201
"Medidor 2 - L9","Potencia activa L3","W",448.96420273873895,74.2797,2807.145,"2025-03-22T07:31:09.350Z",111.4822
"Medidor 2 - L9","Potencia activa L3","W",448.96420273873895,74.2797,2807.145,"2025-03-22T07:32:09.480Z",111.4795
"Medidor 2 - L9","Potencia activa L3","W",448.96420273873895,74.2797,2807.145,"2025-03-22T07:33:09.534Z",112.9027
"Medidor 2 - L9","Potencia activa L3","W",448.96420273873895,74.2797,2807.145,"2025-03-22T07:34:09.628Z",110.9724
"Medidor 2 - L9","Potencia activa L3","W",448.96420273873895,74.2797,2807.145,"2025-03-22T07:35:09.690Z",114.2433
"Medidor 2 - L9","Potencia activa L3","W",448.96420273873895,74.2797,2807.145,"2025-03-22T07:36:09.770Z",114.2511
"Medidor 2 - L9","Potencia activa L3","W",448.96420273873895,74.2797,2807.145,"2025-03-22T07:37:09.944Z",113.6084
"Medidor 2 - L9","Potencia activa L3","W",448.96420273873895,74.2797,2807.145,"2025-03-22T07:38:10.023Z",112.8844
"Medidor 2 - L9","Potencia activa L3","W",448.96420273873895,74.2797,2807.145,"2025-03-22T07:39:10.058Z",113.5699
"Medidor 2 - L9","Potencia activa L3","W",448.96420273873895,74.2797,2807.145,"2025-03-22T07:40:10.242Z",114.1058
"Medidor 2 - L9","Potencia activa L3","W",448.96420273873895,74.2797,2807.145,"2025-03-22T07:41:10.295Z",120.5035
"Medidor 2 - L9","Potencia activa L3","W",448.96420273873895,74.2797,2807.145,"2025-03-22T07:42:10.350Z",107.5817
"Medidor 2 - L9","Potencia activa L3","W",448.96420273873895,74.2797,2807.145,"2025-03-22T07:43:10.554Z",111.1581
"Medidor 2 - L9","Potencia activa L3","W",448.96420273873895,74.2797,2807.145,"2025-03-22T07:44:10.542Z",116.5503
"Medidor 2 - L9","Potencia activa L3","W",448.96420273873895,74.2797,2807.145,"2025-03-22T07:45:10.654Z",111.2151
"Medidor 2 - L9","Potencia activa L3","W",448.96420273873895,74.2797,2807.145,"2025-03-22T07:46:10.863Z",112.2655
"Medidor 2 - L9","Potencia activa L3","W",448.96420273873895,74.2797,2807.145,"2025-03-22T07:47:10.798Z",112.2973
"Medidor 2 - L9","Potencia activa L3","W",448.96420273873895,74.2797,2807.145,"2025-03-22T07:48:10.942Z",110.9714
"Medidor 2 - L9","Potencia activa L3","W",448.96420273873895,74.2797,2807.145,"2025-03-22T07:49:11.052Z",111.7169
"Medidor 2 - L9","Potencia activa L3","W",448.96420273873895,74.2797,2807.145,"2025-03-22T07:50:11.064Z",112.9447
"Medidor 2 - L9","Potencia activa L3","W",448.96420273873895,74.2797,2807.145,"2025-03-22T07:51:11.152Z",112.7041
"Medidor 2 - L9","Potencia activa L3","W",448.96420273873895,74.2797,2807.145,"2025-03-22T07:52:11.319Z",113.1616
"Medidor 2 - L9","Potencia activa L3","W",448.96420273873895,74.2797,2807.145,"2025-03-22T07:53:11.405Z",111.8216
"Medidor 2 - L9","Potencia activa L3","W",448.96420273873895,74.2797,2807.145,"2025-03-22T07:54:11.500Z",112.7219
"Medidor 2 - L9","Potencia activa L3","W",448.96420273873895,74.2797,2807.145,"2025-03-22T07:55:11.622Z",112.223
"Medidor 2 - L9","Potencia activa L3","W",448.96420273873895,74.2797,2807.145,"2025-03-22T07:56:11.683Z",339.2404
"Medidor 2 - L9","Potencia activa L3","W",448.96420273873895,74.2797,2807.145,"2025-03-22T07:57:11.739Z",338.4919
"Medidor 2 - L9","Potencia activa L3","W",448.96420273873895,74.2797,2807.145,"2025-03-22T07:58:11.785Z",109.1354
"Medidor 2 - L9","Potencia activa L3","W",448.96420273873895,74.2797,2807.145,"2025-03-22T07:59:11.833Z",110.1212
"Medidor 2 - L9","Potencia activa L3","W",448.96420273873895,74.2797,2807.145,"2025-03-22T08:00:11.954Z",113.2677
"Medidor 2 - L9","Potencia activa L3","W",448.96420273873895,74.2797,2807.145,"2025-03-22T08:01:11.973Z",120.9134
"Medidor 2 - L9","Potencia activa L3","W",448.96420273873895,74.2797,2807.145,"2025-03-22T08:02:12.045Z",122.7302
"Medidor 2 - L9","Potencia activa L3","W",448.96420273873895,74.2797,2807.145,"2025-03-22T08:03:12.141Z",120.8221
"Medidor 2 - L9","Potencia activa L3","W",448.96420273873895,74.2797,2807.145,"2025-03-22T08:04:12.193Z",112.526
"Medidor 2 - L9","Potencia activa L3","W",448.96420273873895,74.2797,2807.145,"2025-03-22T08:05:12.253Z",111.2086
"Medidor 2 - L9","Potencia activa L3","W",448.96420273873895,74.2797,2807.145,"2025-03-22T08:06:12.360Z",113.257
"Medidor 2 - L9","Potencia activa L3","W",448.96420273873895,74.2797,2807.145,"2025-03-22T08:07:12.491Z",100.3024
"Medidor 2 - L9","Potencia activa L3","W",448.96420273873895,74.2797,2807.145,"2025-03-22T08:08:12.597Z",114.5225
"Medidor 2 - L9","Potencia activa L3","W",448.96420273873895,74.2797,2807.145,"2025-03-22T08:09:12.719Z",115.9787
"Medidor 2 - L9","Potencia activa L3","W",448.96420273873895,74.2797,2807.145,"2025-03-22T08:10:12.739Z",115.5078
"Medidor 2 - L9","Potencia activa L3","W",448.96420273873895,74.2797,2807.145,"2025-03-22T08:11:12.837Z",111.9859
"Medidor 2 - L9","Potencia activa L3","W",448.96420273873895,74.2797,2807.145,"2025-03-22T08:12:12.893Z",113.1854
"Medidor 2 - L9","Potencia activa L3","W",448.96420273873895,74.2797,2807.145,"2025-03-22T08:13:12.938Z",114.183
"Medidor 2 - L9","Potencia activa L3","W",448.96420273873895,74.2797,2807.145,"2025-03-22T08:14:13.029Z",111.7182
"Medidor 2 - L9","Potencia activa L3","W",448.96420273873895,74.2797,2807.145,"2025-03-22T08:15:13.141Z",113.0656
"Medidor 2 - L9","Potencia activa L3","W",448.96420273873895,74.2797,2807.145,"2025-03-22T08:16:13.201Z",112.0605
"Medidor 2 - L9","Potencia activa L3","W",448.96420273873895,74.2797,2807.145,"2025-03-22T08:17:13.281Z",111.4051
"Medidor 2 - L9","Potencia activa L3","W",448.96420273873895,74.2797,2807.145,"2025-03-22T08:18:13.369Z",110.7298
"Medidor 2 - L9","Potencia activa L3","W",448.96420273873895,74.2797,2807.145,"2025-03-22T08:19:13.481Z",114.0078
"Medidor 2 - L9","Potencia activa L3","W",448.96420273873895,74.2797,2807.145,"2025-03-22T08:20:13.533Z",113.8605
"Medidor 2 - L9","Potencia activa L3","W",448.96420273873895,74.2797,2807.145,"2025-03-22T08:21:13.574Z",122.5743
"Medidor 2 - L9","Potencia activa L3","W",448.96420273873895,74.2797,2807.145,"2025-03-22T08:22:13.694Z",125.0324
"Medidor 2 - L9","Potencia activa L3","W",448.96420273873895,74.2797,2807.145,"2025-03-22T08:23:13.813Z",122.1626
"Medidor 2 - L9","Potencia activa L3","W",448.96420273873895,74.2797,2807.145,"2025-03-22T08:24:13.938Z",112.0152
"Medidor 2 - L9","Potencia activa L3","W",448.96420273873895,74.2797,2807.145,"2025-03-22T08:25:13.937Z",115.7738
"Medidor 2 - L9","Potencia activa L3","W",448.96420273873895,74.2797,2807.145,"2025-03-22T08:26:14.087Z",112.5581
"Medidor 2 - L9","Potencia activa L3","W",448.96420273873895,74.2797,2807.145,"2025-03-22T08:27:14.142Z",111.3904
"Medidor 2 - L9","Potencia activa L3","W",448.96420273873895,74.2797,2807.145,"2025-03-22T08:28:14.234Z",147.399
"Medidor 2 - L9","Potencia activa L3","W",448.96420273873895,74.2797,2807.145,"2025-03-22T08:29:14.348Z",372.5927
"Medidor 2 - L9","Potencia activa L3","W",448.96420273873895,74.2797,2807.145,"2025-03-22T08:30:14.362Z",371.1384
"Medidor 2 - L9","Potencia activa L3","W",448.96420273873895,74.2797,2807.145,"2025-03-22T08:31:14.468Z",144.6196
"Medidor 2 - L9","Potencia activa L3","W",448.96420273873895,74.2797,2807.145,"2025-03-22T08:32:14.485Z",138.5876
"Medidor 2 - L9","Potencia activa L3","W",448.96420273873895,74.2797,2807.145,"2025-03-22T08:33:14.604Z",145.5764
"Medidor 2 - L9","Potencia activa L3","W",448.96420273873895,74.2797,2807.145,"2025-03-22T08:34:14.734Z",150.5631
"Medidor 2 - L9","Potencia activa L3","W",448.96420273873895,74.2797,2807.145,"2025-03-22T08:35:14.813Z",148.7218
"Medidor 2 - L9","Potencia activa L3","W",448.96420273873895,74.2797,2807.145,"2025-03-22T08:36:14.866Z",151.0239
"Medidor 2 - L9","Potencia activa L3","W",448.96420273873895,74.2797,2807.145,"2025-03-22T08:37:15.001Z",149.4285
"Medidor 2 - L9","Potencia activa L3","W",448.96420273873895,74.2797,2807.145,"2025-03-22T08:38:15.070Z",151.7764
"Medidor 2 - L9","Potencia activa L3","W",448.96420273873895,74.2797,2807.145,"2025-03-22T08:39:15.163Z",153.2454
"Medidor 2 - L9","Potencia activa L3","W",448.96420273873895,74.2797,2807.145,"2025-03-22T08:40:15.281Z",149.1433
"Medidor 2 - L9","Potencia activa L3","W",448.96420273873895,74.2797,2807.145,"2025-03-22T08:41:15.266Z",147.5696
"Medidor 2 - L9","Potencia activa L3","W",448.96420273873895,74.2797,2807.145,"2025-03-22T08:42:15.468Z",158.9232
"Medidor 2 - L9","Potencia activa L3","W",448.96420273873895,74.2797,2807.145,"2025-03-22T08:43:15.502Z",160.5334
"Medidor 2 - L9","Potencia activa L3","W",448.96420273873895,74.2797,2807.145,"2025-03-22T08:44:15.553Z",149.766
"Medidor 2 - L9","Potencia activa L3","W",448.96420273873895,74.2797,2807.145,"2025-03-22T08:45:15.745Z",150.3318
"Medidor 2 - L9","Potencia activa L3","W",448.96420273873895,74.2797,2807.145,"2025-03-22T08:46:15.810Z",150.2169
"Medidor 2 - L9","Potencia activa L3","W",448.96420273873895,74.2797,2807.145,"2025-03-22T08:47:15.844Z",151.3883
"Medidor 2 - L9","Potencia activa L3","W",448.96420273873895,74.2797,2807.145,"2025-03-22T08:48:15.927Z",151.5505
"Medidor 2 - L9","Potencia activa L3","W",448.96420273873895,74.2797,2807.145,"2025-03-22T08:49:16.045Z",153.3127
"Medidor 2 - L9","Potencia activa L3","W",448.96420273873895,74.2797,2807.145,"2025-03-22T08:50:16.120Z",153.6691
"Medidor 2 - L9","Potencia activa L3","W",448.96420273873895,74.2797,2807.145,"2025-03-22T08:51:16.173Z",155.6669
"Medidor 2 - L9","Potencia activa L3","W",448.96420273873895,74.2797,2807.145,"2025-03-22T08:52:16.240Z",152.7328
"Medidor 2 - L9","Potencia activa L3","W",448.96420273873895,74.2797,2807.145,"2025-03-22T08:53:16.360Z",151.0136
"Medidor 2 - L9","Potencia activa L3","W",448.96420273873895,74.2797,2807.145,"2025-03-22T08:54:16.451Z",150.212
"Medidor 2 - L9","Potencia activa L3","W",448.96420273873895,74.2797,2807.145,"2025-03-22T08:55:16.477Z",143.2474
"Medidor 2 - L9","Potencia activa L3","W",448.96420273873895,74.2797,2807.145,"2025-03-22T08:56:16.528Z",150.7081
"Medidor 2 - L9","Potencia activa L3","W",448.96420273873895,74.2797,2807.145,"2025-03-22T08:57:16.723Z",151.9655
"Medidor 2 - L9","Potencia activa L3","W",448.96420273873895,74.2797,2807.145,"2025-03-22T08:58:16.793Z",151.9892
"Medidor 2 - L9","Potencia activa L3","W",448.96420273873895,74.2797,2807.145,"2025-03-22T08:59:16.828Z",151.2164
"Medidor 2 - L9","Potencia activa L3","W",448.96420273873895,74.2797,2807.145,"2025-03-22T09:00:16.975Z",150.6215
"Medidor 2 - L9","Potencia activa L3","W",448.96420273873895,74.2797,2807.145,"2025-03-22T09:01:17.086Z",150.8897
"Medidor 2 - L9","Potencia activa L3","W",448.96420273873895,74.2797,2807.145,"2025-03-22T09:02:17.147Z",161.3626
"Medidor 2 - L9","Potencia activa L3","W",448.96420273873895,74.2797,2807.145,"2025-03-22T09:03:17.232Z",162.5434
"Medidor 2 - L9","Potencia activa L3","W",448.96420273873895,74.2797,2807.145,"2025-03-22T09:04:17.244Z",153.089
"Medidor 2 - L9","Potencia activa L3","W",448.96420273873895,74.2797,2807.145,"2025-03-22T09:05:17.297Z",154.6024
"Medidor 2 - L9","Potencia activa L3","W",448.96420273873895,74.2797,2807.145,"2025-03-22T09:06:17.382Z",153.9209
"Medidor 2 - L9","Potencia activa L3","W",448.96420273873895,74.2797,2807.145,"2025-03-22T09:07:17.508Z",381.0451
"Medidor 2 - L9","Potencia activa L3","W",448.96420273873895,74.2797,2807.145,"2025-03-22T09:08:17.638Z",381.204
"Medidor 2 - L9","Potencia activa L3","W",448.96420273873895,74.2797,2807.145,"2025-03-22T09:09:17.720Z",154.6057
"Medidor 2 - L9","Potencia activa L3","W",448.96420273873895,74.2797,2807.145,"2025-03-22T09:10:17.826Z",153.7064
"Medidor 2 - L9","Potencia activa L3","W",448.96420273873895,74.2797,2807.145,"2025-03-22T09:11:17.871Z",152.6988
"Medidor 2 - L9","Potencia activa L3","W",448.96420273873895,74.2797,2807.145,"2025-03-22T09:12:17.973Z",153.2865
"Medidor 2 - L9","Potencia activa L3","W",448.96420273873895,74.2797,2807.145,"2025-03-22T09:13:18.062Z",151.1355
"Medidor 2 - L9","Potencia activa L3","W",448.96420273873895,74.2797,2807.145,"2025-03-22T09:14:18.144Z",151.2143
"Medidor 2 - L9","Potencia activa L3","W",448.96420273873895,74.2797,2807.145,"2025-03-22T09:15:18.242Z",153.0064
"Medidor 2 - L9","Potencia activa L3","W",448.96420273873895,74.2797,2807.145,"2025-03-22T09:16:18.348Z",154.491
"Medidor 2 - L9","Potencia activa L3","W",448.96420273873895,74.2797,2807.145,"2025-03-22T09:17:18.392Z",152.7495
"Medidor 2 - L9","Potencia activa L3","W",448.96420273873895,74.2797,2807.145,"2025-03-22T09:18:18.517Z",154.1202
"Medidor 2 - L9","Potencia activa L3","W",448.96420273873895,74.2797,2807.145,"2025-03-22T09:19:18.598Z",155.8895
"Medidor 2 - L9","Potencia activa L3","W",448.96420273873895,74.2797,2807.145,"2025-03-22T09:20:18.683Z",157.61
"Medidor 2 - L9","Potencia activa L3","W",448.96420273873895,74.2797,2807.145,"2025-03-22T09:21:18.761Z",158.5825
"Medidor 2 - L9","Potencia activa L3","W",448.96420273873895,74.2797,2807.145,"2025-03-22T09:22:18.920Z",169.0954
"Medidor 2 - L9","Potencia activa L3","W",448.96420273873895,74.2797,2807.145,"2025-03-22T09:23:19.017Z",170.1493
"Medidor 2 - L9","Potencia activa L3","W",448.96420273873895,74.2797,2807.145,"2025-03-22T09:24:19.047Z",159.5972
"Medidor 2 - L9","Potencia activa L3","W",448.96420273873895,74.2797,2807.145,"2025-03-22T09:25:19.164Z",153.7131
"Medidor 2 - L9","Potencia activa L3","W",448.96420273873895,74.2797,2807.145,"2025-03-22T09:26:19.269Z",155.8186
"Medidor 2 - L9","Potencia activa L3","W",448.96420273873895,74.2797,2807.145,"2025-03-22T09:27:19.374Z",151.7825
"Medidor 2 - L9","Potencia activa L3","W",448.96420273873895,74.2797,2807.145,"2025-03-22T09:28:19.434Z",158.5132
"Medidor 2 - L9","Potencia activa L3","W",448.96420273873895,74.2797,2807.145,"2025-03-22T09:29:19.569Z",155.9633
"Medidor 2 - L9","Potencia activa L3","W",448.96420273873895,74.2797,2807.145,"2025-03-22T09:30:19.606Z",156.0667
"Medidor 2 - L9","Potencia activa L3","W",448.96420273873895,74.2797,2807.145,"2025-03-22T09:31:19.741Z",155.6242
"Medidor 2 - L9","Potencia activa L3","W",448.96420273873895,74.2797,2807.145,"2025-03-22T09:32:19.773Z",117.0819
"Medidor 2 - L9","Potencia activa L3","W",448.96420273873895,74.2797,2807.145,"2025-03-22T09:33:19.784Z",110.4132
"Medidor 2 - L9","Potencia activa L3","W",448.96420273873895,74.2797,2807.145,"2025-03-22T09:34:19.863Z",114.3464
"Medidor 2 - L9","Potencia activa L3","W",448.96420273873895,74.2797,2807.145,"2025-03-22T09:35:20.035Z",120.1059
"Medidor 2 - L9","Potencia activa L3","W",448.96420273873895,74.2797,2807.145,"2025-03-22T09:36:20.145Z",121.8249
"Medidor 2 - L9","Potencia activa L3","W",448.96420273873895,74.2797,2807.145,"2025-03-22T09:37:20.169Z",112.7587
"Medidor 2 - L9","Potencia activa L3","W",448.96420273873895,74.2797,2807.145,"2025-03-22T09:38:20.292Z",113.3941
"Medidor 2 - L9","Potencia activa L3","W",448.96420273873895,74.2797,2807.145,"2025-03-22T09:39:20.352Z",118.9492
"Medidor 2 - L9","Potencia activa L3","W",448.96420273873895,74.2797,2807.145,"2025-03-22T09:40:20.426Z",105.6205
"Medidor 2 - L9","Potencia activa L3","W",448.96420273873895,74.2797,2807.145,"2025-03-22T09:41:20.581Z",111.7683
"Medidor 2 - L9","Potencia activa L3","W",448.96420273873895,74.2797,2807.145,"2025-03-22T09:42:20.594Z",116.8024
"Medidor 2 - L9","Potencia activa L3","W",448.96420273873895,74.2797,2807.145,"2025-03-22T09:43:20.642Z",335.0124
"Medidor 2 - L9","Potencia activa L3","W",448.96420273873895,74.2797,2807.145,"2025-03-22T09:44:20.723Z",343.9986
"Medidor 2 - L9","Potencia activa L3","W",448.96420273873895,74.2797,2807.145,"2025-03-22T09:45:20.781Z",334.4662
"Medidor 2 - L9","Potencia activa L3","W",448.96420273873895,74.2797,2807.145,"2025-03-22T09:46:20.924Z",102.921
"Medidor 2 - L9","Potencia activa L3","W",448.96420273873895,74.2797,2807.145,"2025-03-22T09:47:20.941Z",106.8767
"Medidor 2 - L9","Potencia activa L3","W",448.96420273873895,74.2797,2807.145,"2025-03-22T09:48:21.024Z",100.8033
"Medidor 2 - L9","Potencia activa L3","W",448.96420273873895,74.2797,2807.145,"2025-03-22T09:49:21.100Z",103.7329
"Medidor 2 - L9","Potencia activa L3","W",448.96420273873895,74.2797,2807.145,"2025-03-22T09:50:21.089Z",103.727
"Medidor 2 - L9","Potencia activa L3","W",448.96420273873895,74.2797,2807.145,"2025-03-22T09:51:21.190Z",102.6824
"Medidor 2 - L9","Potencia activa L3","W",448.96420273873895,74.2797,2807.145,"2025-03-22T09:52:21.279Z",101.4462
"Medidor 2 - L9","Potencia activa L3","W",448.96420273873895,74.2797,2807.145,"2025-03-22T09:53:21.344Z",104.4781
"Medidor 2 - L9","Potencia activa L3","W",448.96420273873895,74.2797,2807.145,"2025-03-22T09:54:21.421Z",104.6527
"Medidor 2 - L9","Potencia activa L3","W",448.96420273873895,74.2797,2807.145,"2025-03-22T09:55:21.538Z",103.5863
"Medidor 2 - L9","Potencia activa L3","W",448.96420273873895,74.2797,2807.145,"2025-03-22T09:56:21.618Z",101.5986
"Medidor 2 - L9","Potencia activa L3","W",448.96420273873895,74.2797,2807.145,"2025-03-22T09:57:21.711Z",104.1186
"Medidor 2 - L9","Potencia activa L3","W",448.96420273873895,74.2797,2807.145,"2025-03-22T09:58:21.793Z",101.9351
"Medidor 2 - L9","Potencia activa L3","W",448.96420273873895,74.2797,2807.145,"2025-03-22T09:59:21.863Z",101.7706
"Medidor 2 - L9","Potencia activa L3","W",448.96420273873895,74.2797,2807.145,"2025-03-22T10:00:21.916Z",101.8365
"Medidor 2 - L9","Potencia activa L3","W",448.96420273873895,74.2797,2807.145,"2025-03-22T10:01:22.008Z",101.7562
"Medidor 2 - L9","Potencia activa L3","W",448.96420273873895,74.2797,2807.145,"2025-03-22T10:02:22.128Z",101.8994
"Medidor 2 - L9","Potencia activa L3","W",448.96420273873895,74.2797,2807.145,"2025-03-22T10:03:22.240Z",112.8486
"Medidor 2 - L9","Potencia activa L3","W",448.96420273873895,74.2797,2807.145,"2025-03-22T10:04:22.273Z",113.1901
"Medidor 2 - L9","Potencia activa L3","W",448.96420273873895,74.2797,2807.145,"2025-03-22T10:05:22.398Z",103.7075
"Medidor 2 - L9","Potencia activa L3","W",448.96420273873895,74.2797,2807.145,"2025-03-22T10:06:22.536Z",105.8024
"Medidor 2 - L9","Potencia activa L3","W",448.96420273873895,74.2797,2807.145,"2025-03-22T10:07:22.562Z",105.0561
"Medidor 2 - L9","Potencia activa L3","W",448.96420273873895,74.2797,2807.145,"2025-03-22T10:08:22.642Z",90.3464
"Medidor 2 - L9","Potencia activa L3","W",448.96420273873895,74.2797,2807.145,"2025-03-22T10:09:22.710Z",103.8293
"Medidor 2 - L9","Potencia activa L3","W",448.96420273873895,74.2797,2807.145,"2025-03-22T10:10:22.902Z",104.6016
"Medidor 2 - L9","Potencia activa L3","W",448.96420273873895,74.2797,2807.145,"2025-03-22T10:11:23.028Z",103.5095
"Medidor 2 - L9","Potencia activa L3","W",448.96420273873895,74.2797,2807.145,"2025-03-22T10:12:23.113Z",103.0771
"Medidor 2 - L9","Potencia activa L3","W",448.96420273873895,74.2797,2807.145,"2025-03-22T10:13:23.171Z",101.6568
"Medidor 2 - L9","Potencia activa L3","W",448.96420273873895,74.2797,2807.145,"2025-03-22T10:14:23.303Z",102.6568
"Medidor 2 - L9","Potencia activa L3","W",448.96420273873895,74.2797,2807.145,"2025-03-22T10:15:23.334Z",101.9962
"Medidor 2 - L9","Potencia activa L3","W",448.96420273873895,74.2797,2807.145,"2025-03-22T10:16:23.416Z",102.6604
"Medidor 2 - L9","Potencia activa L3","W",448.96420273873895,74.2797,2807.145,"2025-03-22T10:17:23.564Z",100.4802
"Medidor 2 - L9","Potencia activa L3","W",448.96420273873895,74.2797,2807.145,"2025-03-22T10:18:23.642Z",328.9499
"Medidor 2 - L9","Potencia activa L3","W",448.96420273873895,74.2797,2807.145,"2025-03-22T10:19:23.687Z",329.7585
"Medidor 2 - L9","Potencia activa L3","W",448.96420273873895,74.2797,2807.145,"2025-03-22T10:20:23.772Z",99.6654
"Medidor 2 - L9","Potencia activa L3","W",448.96420273873895,74.2797,2807.145,"2025-03-22T10:21:23.893Z",103.4109
"Medidor 2 - L9","Potencia activa L3","W",448.96420273873895,74.2797,2807.145,"2025-03-22T10:22:23.895Z",102.4173
"Medidor 2 - L9","Potencia activa L3","W",448.96420273873895,74.2797,2807.145,"2025-03-22T10:23:23.998Z",104.5914
"Medidor 2 - L9","Potencia activa L3","W",448.96420273873895,74.2797,2807.145,"2025-03-22T10:24:24.085Z",112.0189
"Medidor 2 - L9","Potencia activa L3","W",448.96420273873895,74.2797,2807.145,"2025-03-22T10:25:24.163Z",111.6978
"Medidor 2 - L9","Potencia activa L3","W",448.96420273873895,74.2797,2807.145,"2025-03-22T10:26:24.201Z",103.3437
"Medidor 2 - L9","Potencia activa L3","W",448.96420273873895,74.2797,2807.145,"2025-03-22T10:27:24.269Z",101.7797
"Medidor 2 - L9","Potencia activa L3","W",448.96420273873895,74.2797,2807.145,"2025-03-22T10:28:24.403Z",99.3642
"Medidor 2 - L9","Potencia activa L3","W",448.96420273873895,74.2797,2807.145,"2025-03-22T10:29:24.461Z",100.4997
"Medidor 2 - L9","Potencia activa L3","W",448.96420273873895,74.2797,2807.145,"2025-03-22T10:30:24.595Z",102.4482
"Medidor 2 - L9","Potencia activa L3","W",448.96420273873895,74.2797,2807.145,"2025-03-22T10:31:24.594Z",100.1114
"Medidor 2 - L9","Potencia activa L3","W",448.96420273873895,74.2797,2807.145,"2025-03-22T10:32:24.711Z",100.5741
"Medidor 2 - L9","Potencia activa L3","W",448.96420273873895,74.2797,2807.145,"2025-03-22T10:33:24.810Z",97.8222
"Medidor 2 - L9","Potencia activa L3","W",448.96420273873895,74.2797,2807.145,"2025-03-22T10:34:24.887Z",103.8603
"Medidor 2 - L9","Potencia activa L3","W",448.96420273873895,74.2797,2807.145,"2025-03-22T10:35:24.977Z",104.4495
"Medidor 2 - L9","Potencia activa L3","W",448.96420273873895,74.2797,2807.145,"2025-03-22T10:36:25.063Z",107.5926
"Medidor 2 - L9","Potencia activa L3","W",448.96420273873895,74.2797,2807.145,"2025-03-22T10:37:25.160Z",106.5256
"Medidor 2 - L9","Potencia activa L3","W",448.96420273873895,74.2797,2807.145,"2025-03-22T10:38:25.186Z",103.5518
"Medidor 2 - L9","Potencia activa L3","W",448.96420273873895,74.2797,2807.145,"2025-03-22T10:39:25.263Z",110.6429
"Medidor 2 - L9","Potencia activa L3","W",448.96420273873895,74.2797,2807.145,"2025-03-22T10:40:25.385Z",106.2669
"Medidor 2 - L9","Potencia activa L3","W",448.96420273873895,74.2797,2807.145,"2025-03-22T10:41:25.385Z",113.6524
"Medidor 2 - L9","Potencia activa L3","W",448.96420273873895,74.2797,2807.145,"2025-03-22T10:42:25.506Z",108.725
"Medidor 2 - L9","Potencia activa L3","W",448.96420273873895,74.2797,2807.145,"2025-03-22T10:43:25.648Z",105.0475
"Medidor 2 - L9","Potencia activa L3","W",448.96420273873895,74.2797,2807.145,"2025-03-22T10:44:25.702Z",120.8229
"Medidor 2 - L9","Potencia activa L3","W",448.96420273873895,74.2797,2807.145,"2025-03-22T10:45:25.843Z",121.819
"Medidor 2 - L9","Potencia activa L3","W",448.96420273873895,74.2797,2807.145,"2025-03-22T10:46:25.908Z",116.3503
"Medidor 2 - L9","Potencia activa L3","W",448.96420273873895,74.2797,2807.145,"2025-03-22T10:47:25.978Z",110.2873
"Medidor 2 - L9","Potencia activa L3","W",448.96420273873895,74.2797,2807.145,"2025-03-22T10:48:26.122Z",109.3112
"Medidor 2 - L9","Potencia activa L3","W",448.96420273873895,74.2797,2807.145,"2025-03-22T10:49:26.141Z",108.8748
"Medidor 2 - L9","Potencia activa L3","W",448.96420273873895,74.2797,2807.145,"2025-03-22T10:50:26.279Z",109.4033
"Medidor 2 - L9","Potencia activa L3","W",448.96420273873895,74.2797,2807.145,"2025-03-22T10:51:26.321Z",108.027
"Medidor 2 - L9","Potencia activa L3","W",448.96420273873895,74.2797,2807.145,"2025-03-22T10:52:26.379Z",110.8877
"Medidor 2 - L9","Potencia activa L3","W",448.96420273873895,74.2797,2807.145,"2025-03-22T10:53:26.424Z",193.4666
"Medidor 2 - L9","Potencia activa L3","W",448.96420273873895,74.2797,2807.145,"2025-03-22T10:54:26.466Z",425.2103
"Medidor 2 - L9","Potencia activa L3","W",448.96420273873895,74.2797,2807.145,"2025-03-22T10:55:26.594Z",427.1089
"Medidor 2 - L9","Potencia activa L3","W",448.96420273873895,74.2797,2807.145,"2025-03-22T10:56:26.686Z",198.3349
"Medidor 2 - L9","Potencia activa L3","W",448.96420273873895,74.2797,2807.145,"2025-03-22T10:57:26.683Z",200.3932
"Medidor 2 - L9","Potencia activa L3","W",448.96420273873895,74.2797,2807.145,"2025-03-22T10:58:26.845Z",191.9972
"Medidor 2 - L9","Potencia activa L3","W",448.96420273873895,74.2797,2807.145,"2025-03-22T10:59:26.919Z",196.7048
"Medidor 2 - L9","Potencia activa L3","W",448.96420273873895,74.2797,2807.145,"2025-03-22T11:00:27.022Z",198.2963
"Medidor 2 - L9","Potencia activa L3","W",448.96420273873895,74.2797,2807.145,"2025-03-22T11:01:27.116Z",196.1428
"Medidor 2 - L9","Potencia activa L3","W",448.96420273873895,74.2797,2807.145,"2025-03-22T11:02:27.134Z",194.4254
"Medidor 2 - L9","Potencia activa L3","W",448.96420273873895,74.2797,2807.145,"2025-03-22T11:03:27.232Z",199.0601
"Medidor 2 - L9","Potencia activa L3","W",448.96420273873895,74.2797,2807.145,"2025-03-22T11:04:27.332Z",206.9899
"Medidor 2 - L9","Potencia activa L3","W",448.96420273873895,74.2797,2807.145,"2025-03-22T11:05:27.404Z",205.6052
"Medidor 2 - L9","Potencia activa L3","W",448.96420273873895,74.2797,2807.145,"2025-03-22T11:06:27.493Z",195.5036
"Medidor 2 - L9","Potencia activa L3","W",448.96420273873895,74.2797,2807.145,"2025-03-22T11:07:27.593Z",223.2337
"Medidor 2 - L9","Potencia activa L3","W",448.96420273873895,74.2797,2807.145,"2025-03-22T11:08:27.636Z",221.8889
"Medidor 2 - L9","Potencia activa L3","W",448.96420273873895,74.2797,2807.145,"2025-03-22T11:09:27.780Z",223.2908
"Medidor 2 - L9","Potencia activa L3","W",448.96420273873895,74.2797,2807.145,"2025-03-22T11:10:27.829Z",236.1964
"Medidor 2 - L9","Potencia activa L3","W",448.96420273873895,74.2797,2807.145,"2025-03-22T11:11:27.899Z",225.2359
"Medidor 2 - L9","Potencia activa L3","W",448.96420273873895,74.2797,2807.145,"2025-03-22T11:12:28.017Z",210.0673
"Medidor 2 - L9","Potencia activa L3","W",448.96420273873895,74.2797,2807.145,"2025-03-22T11:13:28.112Z",213.9046
"Medidor 2 - L9","Potencia activa L3","W",448.96420273873895,74.2797,2807.145,"2025-03-22T11:14:28.185Z",214.8281
"Medidor 2 - L9","Potencia activa L3","W",448.96420273873895,74.2797,2807.145,"2025-03-22T11:15:28.233Z",217.4569
"Medidor 2 - L9","Potencia activa L3","W",448.96420273873895,74.2797,2807.145,"2025-03-22T11:16:28.381Z",216.3663
"Medidor 2 - L9","Potencia activa L3","W",448.96420273873895,74.2797,2807.145,"2025-03-22T11:17:28.451Z",214.7513
"Medidor 2 - L9","Potencia activa L3","W",448.96420273873895,74.2797,2807.145,"2025-03-22T11:18:28.576Z",216.3122
"Medidor 2 - L9","Potencia activa L3","W",448.96420273873895,74.2797,2807.145,"2025-03-22T11:19:28.670Z",218.9503
"Medidor 2 - L9","Potencia activa L3","W",448.96420273873895,74.2797,2807.145,"2025-03-22T11:20:28.720Z",219.4932
"Medidor 2 - L9","Potencia activa L3","W",448.96420273873895,74.2797,2807.145,"2025-03-22T11:21:28.758Z",219.6562
"Medidor 2 - L9","Potencia activa L3","W",448.96420273873895,74.2797,2807.145,"2025-03-22T11:22:28.900Z",226.8098
"Medidor 2 - L9","Potencia activa L3","W",448.96420273873895,74.2797,2807.145,"2025-03-22T11:23:28.930Z",233.7362
"Medidor 2 - L9","Potencia activa L3","W",448.96420273873895,74.2797,2807.145,"2025-03-22T11:24:29.032Z",227.4111
"Medidor 2 - L9","Potencia activa L3","W",448.96420273873895,74.2797,2807.145,"2025-03-22T11:25:29.125Z",218.5292
"Medidor 2 - L9","Potencia activa L3","W",448.96420273873895,74.2797,2807.145,"2025-03-22T11:26:29.158Z",448.2987
"Medidor 2 - L9","Potencia activa L3","W",448.96420273873895,74.2797,2807.145,"2025-03-22T11:27:29.231Z",450.8536
"Medidor 2 - L9","Potencia activa L3","W",448.96420273873895,74.2797,2807.145,"2025-03-22T11:28:29.364Z",221.3555
"Medidor 2 - L9","Potencia activa L3","W",448.96420273873895,74.2797,2807.145,"2025-03-22T11:29:29.488Z",217.5785
"Medidor 2 - L9","Potencia activa L3","W",448.96420273873895,74.2797,2807.145,"2025-03-22T11:30:29.466Z",217.2704
"Medidor 2 - L9","Potencia activa L3","W",448.96420273873895,74.2797,2807.145,"2025-03-22T11:31:29.566Z",216.012
"Medidor 2 - L9","Potencia activa L3","W",448.96420273873895,74.2797,2807.145,"2025-03-22T11:32:29.669Z",215.7096
"Medidor 2 - L9","Potencia activa L3","W",448.96420273873895,74.2797,2807.145,"2025-03-22T11:33:29.759Z",217.0136
"Medidor 2 - L9","Potencia activa L3","W",448.96420273873895,74.2797,2807.145,"2025-03-22T11:34:29.863Z",220.1602
"Medidor 2 - L9","Potencia activa L3","W",448.96420273873895,74.2797,2807.145,"2025-03-22T11:35:29.915Z",217.7707
"Medidor 2 - L9","Potencia activa L3","W",448.96420273873895,74.2797,2807.145,"2025-03-22T11:36:30.003Z",218.3905
"Medidor 2 - L9","Potencia activa L3","W",448.96420273873895,74.2797,2807.145,"2025-03-22T11:37:30.089Z",216.4308
"Medidor 2 - L9","Potencia activa L3","W",448.96420273873895,74.2797,2807.145,"2025-03-22T11:38:30.208Z",223.0684
"Medidor 2 - L9","Potencia activa L3","W",448.96420273873895,74.2797,2807.145,"2025-03-22T11:39:30.261Z",225.4223
"Medidor 2 - L9","Potencia activa L3","W",448.96420273873895,74.2797,2807.145,"2025-03-22T11:40:30.408Z",225.616
"Medidor 2 - L9","Potencia activa L3","W",448.96420273873895,74.2797,2807.145,"2025-03-22T11:41:30.444Z",226.84
"Medidor 2 - L9","Potencia activa L3","W",448.96420273873895,74.2797,2807.145,"2025-03-22T11:42:30.485Z",218.1276
"Medidor 2 - L9","Potencia activa L3","W",448.96420273873895,74.2797,2807.145,"2025-03-22T11:43:30.571Z",222.312
"Medidor 2 - L9","Potencia activa L3","W",448.96420273873895,74.2797,2807.145,"2025-03-22T11:44:30.707Z",216.1248
"Medidor 2 - L9","Potencia activa L3","W",448.96420273873895,74.2797,2807.145,"2025-03-22T11:45:30.716Z",216.7943
"Medidor 2 - L9","Potencia activa L3","W",448.96420273873895,74.2797,2807.145,"2025-03-22T11:46:30.812Z",207.7361
"Medidor 2 - L9","Potencia activa L3","W",448.96420273873895,74.2797,2807.145,"2025-03-22T11:47:30.883Z",220.1598
"Medidor 2 - L9","Potencia activa L3","W",448.96420273873895,74.2797,2807.145,"2025-03-22T11:48:30.965Z",221.3734
"Medidor 2 - L9","Potencia activa L3","W",448.96420273873895,74.2797,2807.145,"2025-03-22T11:49:31.039Z",220.0828
"Medidor 2 - L9","Potencia activa L3","W",448.96420273873895,74.2797,2807.145,"2025-03-22T11:50:31.053Z",220.5324
"Medidor 2 - L9","Potencia activa L3","W",448.96420273873895,74.2797,2807.145,"2025-03-22T11:51:31.160Z",218.0177
"Medidor 2 - L9","Potencia activa L3","W",448.96420273873895,74.2797,2807.145,"2025-03-22T11:52:31.298Z",215.228
"Medidor 2 - L9","Potencia activa L3","W",448.96420273873895,74.2797,2807.145,"2025-03-22T11:53:31.401Z",215.334
"Medidor 2 - L9","Potencia activa L3","W",448.96420273873895,74.2797,2807.145,"2025-03-22T11:54:31.509Z",217.8073
"Medidor 2 - L9","Potencia activa L3","W",448.96420273873895,74.2797,2807.145,"2025-03-22T11:55:31.578Z",217.5047
"Medidor 2 - L9","Potencia activa L3","W",448.96420273873895,74.2797,2807.145,"2025-03-22T11:56:31.729Z",215.8282
"Medidor 2 - L9","Potencia activa L3","W",448.96420273873895,74.2797,2807.145,"2025-03-22T11:57:31.799Z",216.7484
"Medidor 2 - L9","Potencia activa L3","W",448.96420273873895,74.2797,2807.145,"2025-03-22T11:58:31.858Z",457.4013
"Medidor 2 - L9","Potencia activa L3","W",448.96420273873895,74.2797,2807.145,"2025-03-22T11:59:31.922Z",457.8419
"Medidor 2 - L9","Potencia activa L3","W",448.96420273873895,74.2797,2807.145,"2025-03-22T12:00:32.088Z",218.468
"Medidor 2 - L9","Potencia activa L3","W",448.96420273873895,74.2797,2807.145,"2025-03-22T12:01:32.049Z",219.3506
"Medidor 2 - L9","Potencia activa L3","W",448.96420273873895,74.2797,2807.145,"2025-03-22T12:02:32.210Z",216.5435
"Medidor 2 - L9","Potencia activa L3","W",448.96420273873895,74.2797,2807.145,"2025-03-22T12:03:32.219Z",217.673
"Medidor 2 - L9","Potencia activa L3","W",448.96420273873895,74.2797,2807.145,"2025-03-22T12:04:32.359Z",216.2912
"Medidor 2 - L9","Potencia activa L3","W",448.96420273873895,74.2797,2807.145,"2025-03-22T12:05:32.447Z",215.5527
"Medidor 2 - L9","Potencia activa L3","W",448.96420273873895,74.2797,2807.145,"2025-03-22T12:06:32.566Z",216.764
"Medidor 2 - L9","Potencia activa L3","W",448.96420273873895,74.2797,2807.145,"2025-03-22T12:07:32.684Z",242.2198
"Medidor 2 - L9","Potencia activa L3","W",448.96420273873895,74.2797,2807.145,"2025-03-22T12:08:32.767Z",219.8605
"Medidor 2 - L9","Potencia activa L3","W",448.96420273873895,74.2797,2807.145,"2025-03-22T12:09:32.843Z",219.5141
"Medidor 2 - L9","Potencia activa L3","W",448.96420273873895,74.2797,2807.145,"2025-03-22T12:10:32.925Z",218.9615
"Medidor 2 - L9","Potencia activa L3","W",448.96420273873895,74.2797,2807.145,"2025-03-22T12:11:33.027Z",227.9674
"Medidor 2 - L9","Potencia activa L3","W",448.96420273873895,74.2797,2807.145,"2025-03-22T12:12:33.116Z",221.211
"Medidor 2 - L9","Potencia activa L3","W",448.96420273873895,74.2797,2807.145,"2025-03-22T12:13:33.208Z",222.937
"Medidor 2 - L9","Potencia activa L3","W",448.96420273873895,74.2797,2807.145,"2025-03-22T12:14:33.323Z",221.1509
"Medidor 2 - L9","Potencia activa L3","W",448.96420273873895,74.2797,2807.145,"2025-03-22T12:15:33.399Z",220.6671
"Medidor 2 - L9","Potencia activa L3","W",448.96420273873895,74.2797,2807.145,"2025-03-22T12:16:33.467Z",257.037
"Medidor 2 - L9","Potencia activa L3","W",448.96420273873895,74.2797,2807.145,"2025-03-22T12:17:33.623Z",259.0002
"Medidor 2 - L9","Potencia activa L3","W",448.96420273873895,74.2797,2807.145,"2025-03-22T12:18:33.702Z",259.1034
"Medidor 2 - L9","Potencia activa L3","W",448.96420273873895,74.2797,2807.145,"2025-03-22T12:19:33.802Z",260.6669
"Medidor 2 - L9","Potencia activa L3","W",448.96420273873895,74.2797,2807.145,"2025-03-22T12:20:33.846Z",251.7
"Medidor 2 - L9","Potencia activa L3","W",448.96420273873895,74.2797,2807.145,"2025-03-22T12:21:33.892Z",250.8669
"Medidor 2 - L9","Potencia activa L3","W",448.96420273873895,74.2797,2807.145,"2025-03-22T12:22:33.991Z",250.0389
"Medidor 2 - L9","Potencia activa L3","W",448.96420273873895,74.2797,2807.145,"2025-03-22T12:23:34.127Z",248.1474
"Medidor 2 - L9","Potencia activa L3","W",448.96420273873895,74.2797,2807.145,"2025-03-22T12:24:34.204Z",249.5423
"Medidor 2 - L9","Potencia activa L3","W",448.96420273873895,74.2797,2807.145,"2025-03-22T12:25:34.269Z",250.4231
"Medidor 2 - L9","Potencia activa L3","W",448.96420273873895,74.2797,2807.145,"2025-03-22T12:26:34.369Z",252.8508
"Medidor 2 - L9","Potencia activa L3","W",448.96420273873895,74.2797,2807.145,"2025-03-22T12:27:34.415Z",250.4567
"Medidor 2 - L9","Potencia activa L3","W",448.96420273873895,74.2797,2807.145,"2025-03-22T12:28:34.513Z",252.0854
"Medidor 2 - L9","Potencia activa L3","W",448.96420273873895,74.2797,2807.145,"2025-03-22T12:29:34.591Z",252.3439
"Medidor 2 - L9","Potencia activa L3","W",448.96420273873895,74.2797,2807.145,"2025-03-22T12:30:34.686Z",477.872
"Medidor 2 - L9","Potencia activa L3","W",448.96420273873895,74.2797,2807.145,"2025-03-22T12:31:34.777Z",478.0525
"Medidor 2 - L9","Potencia activa L3","W",448.96420273873895,74.2797,2807.145,"2025-03-22T12:32:34.870Z",253.2817
"Medidor 2 - L9","Potencia activa L3","W",448.96420273873895,74.2797,2807.145,"2025-03-22T12:33:34.960Z",252.4373
"Medidor 2 - L9","Potencia activa L3","W",448.96420273873895,74.2797,2807.145,"2025-03-22T12:34:35.086Z",240.9934
"Medidor 2 - L9","Potencia activa L3","W",448.96420273873895,74.2797,2807.145,"2025-03-22T12:35:35.189Z",250.574
"Medidor 2 - L9","Potencia activa L3","W",448.96420273873895,74.2797,2807.145,"2025-03-22T12:36:35.232Z",255.2624
"Medidor 2 - L9","Potencia activa L3","W",448.96420273873895,74.2797,2807.145,"2025-03-22T12:37:35.318Z",252.183
"Medidor 2 - L9","Potencia activa L3","W",448.96420273873895,74.2797,2807.145,"2025-03-22T12:38:35.319Z",262.5261
"Medidor 2 - L9","Potencia activa L3","W",448.96420273873895,74.2797,2807.145,"2025-03-22T12:39:35.425Z",259.733
"Medidor 2 - L9","Potencia activa L3","W",448.96420273873895,74.2797,2807.145,"2025-03-22T12:40:35.550Z",250.4712
"Medidor 2 - L9","Potencia activa L3","W",448.96420273873895,74.2797,2807.145,"2025-03-22T12:41:35.576Z",250.5832
"Medidor 2 - L9","Potencia activa L3","W",448.96420273873895,74.2797,2807.145,"2025-03-22T12:42:35.685Z",253.7767
"Medidor 2 - L9","Potencia activa L3","W",448.96420273873895,74.2797,2807.145,"2025-03-22T12:43:35.809Z",253.3838
"Medidor 2 - L9","Potencia activa L3","W",448.96420273873895,74.2797,2807.145,"2025-03-22T12:44:35.860Z",254.0467
"Medidor 2 - L9","Potencia activa L3","W",448.96420273873895,74.2797,2807.145,"2025-03-22T12:45:35.885Z",255.8571
"Medidor 2 - L9","Potencia activa L3","W",448.96420273873895,74.2797,2807.145,"2025-03-22T12:46:35.995Z",256.3272
"Medidor 2 - L9","Potencia activa L3","W",448.96420273873895,74.2797,2807.145,"2025-03-22T12:47:36.147Z",255.6047
"Medidor 2 - L9","Potencia activa L3","W",448.96420273873895,74.2797,2807.145,"2025-03-22T12:48:36.267Z",255.7435
"Medidor 2 - L9","Potencia activa L3","W",448.96420273873895,74.2797,2807.145,"2025-03-22T12:49:36.384Z",258.3492
"Medidor 2 - L9","Potencia activa L3","W",448.96420273873895,74.2797,2807.145,"2025-03-22T12:50:36.462Z",257.5428
"Medidor 2 - L9","Potencia activa L3","W",448.96420273873895,74.2797,2807.145,"2025-03-22T12:51:36.568Z",257.5044
"Medidor 2 - L9","Potencia activa L3","W",448.96420273873895,74.2797,2807.145,"2025-03-22T12:52:36.634Z",255.5969
"Medidor 2 - L9","Potencia activa L3","W",448.96420273873895,74.2797,2807.145,"2025-03-22T12:53:36.736Z",257.945
"Medidor 2 - L9","Potencia activa L3","W",448.96420273873895,74.2797,2807.145,"2025-03-22T12:54:36.802Z",255.2705
"Medidor 2 - L9","Potencia activa L3","W",448.96420273873895,74.2797,2807.145,"2025-03-22T12:55:36.925Z",254.0298
"Medidor 2 - L9","Potencia activa L3","W",448.96420273873895,74.2797,2807.145,"2025-03-22T12:56:37.023Z",253.5629
"Medidor 2 - L9","Potencia activa L3","W",448.96420273873895,74.2797,2807.145,"2025-03-22T12:57:37.084Z",250.578
"Medidor 2 - L9","Potencia activa L3","W",448.96420273873895,74.2797,2807.145,"2025-03-22T12:58:37.146Z",252.9394
"Medidor 2 - L9","Potencia activa L3","W",448.96420273873895,74.2797,2807.145,"2025-03-22T12:59:37.246Z",265.1393
"Medidor 2 - L9","Potencia activa L3","W",448.96420273873895,74.2797,2807.145,"2025-03-22T13:00:37.368Z",260.6215
"Medidor 2 - L9","Potencia activa L3","W",448.96420273873895,74.2797,2807.145,"2025-03-22T13:01:37.424Z",252.384
"Medidor 2 - L9","Potencia activa L3","W",448.96420273873895,74.2797,2807.145,"2025-03-22T13:02:37.540Z",251.4289
"Medidor 2 - L9","Potencia activa L3","W",448.96420273873895,74.2797,2807.145,"2025-03-22T13:03:37.612Z",476.1975
"Medidor 2 - L9","Potencia activa L3","W",448.96420273873895,74.2797,2807.145,"2025-03-22T13:04:37.701Z",473.294
"Medidor 2 - L9","Potencia activa L3","W",448.96420273873895,74.2797,2807.145,"2025-03-22T13:05:37.765Z",252.1828
"Medidor 2 - L9","Potencia activa L3","W",448.96420273873895,74.2797,2807.145,"2025-03-22T13:06:37.819Z",253.5705
"Medidor 2 - L9","Potencia activa L3","W",448.96420273873895,74.2797,2807.145,"2025-03-22T13:07:37.892Z",251.9312
"Medidor 2 - L9","Potencia activa L3","W",448.96420273873895,74.2797,2807.145,"2025-03-22T13:08:37.980Z",253.3626
"Medidor 2 - L9","Potencia activa L3","W",448.96420273873895,74.2797,2807.145,"2025-03-22T13:09:38.041Z",253.005
"Medidor 2 - L9","Potencia activa L3","W",448.96420273873895,74.2797,2807.145,"2025-03-22T13:10:38.147Z",253.6753
"Medidor 2 - L9","Potencia activa L3","W",448.96420273873895,74.2797,2807.145,"2025-03-22T13:11:38.211Z",253.2871
"Medidor 2 - L9","Potencia activa L3","W",448.96420273873895,74.2797,2807.145,"2025-03-22T13:12:38.359Z",260.5026
"Medidor 2 - L9","Potencia activa L3","W",448.96420273873895,74.2797,2807.145,"2025-03-22T13:13:38.419Z",256.9282
"Medidor 2 - L9","Potencia activa L3","W",448.96420273873895,74.2797,2807.145,"2025-03-22T13:14:38.510Z",254.8191
"Medidor 2 - L9","Potencia activa L3","W",448.96420273873895,74.2797,2807.145,"2025-03-22T13:15:38.578Z",254.4632
"Medidor 2 - L9","Potencia activa L3","W",448.96420273873895,74.2797,2807.145,"2025-03-22T13:16:38.631Z",257.7751
"Medidor 2 - L9","Potencia activa L3","W",448.96420273873895,74.2797,2807.145,"2025-03-22T13:17:38.740Z",255.211
"Medidor 2 - L9","Potencia activa L3","W",448.96420273873895,74.2797,2807.145,"2025-03-22T13:18:38.838Z",255.9053
"Medidor 2 - L9","Potencia activa L3","W",448.96420273873895,74.2797,2807.145,"2025-03-22T13:19:38.943Z",254.5087
"Medidor 2 - L9","Potencia activa L3","W",448.96420273873895,74.2797,2807.145,"2025-03-22T13:20:39.081Z",260.4434
"Medidor 2 - L9","Potencia activa L3","W",448.96420273873895,74.2797,2807.145,"2025-03-22T13:21:39.125Z",304.3588
"Medidor 2 - L9","Potencia activa L3","W",448.96420273873895,74.2797,2807.145,"2025-03-22T13:22:39.175Z",299.1339
"Medidor 2 - L9","Potencia activa L3","W",448.96420273873895,74.2797,2807.145,"2025-03-22T13:23:39.275Z",286.1738
"Medidor 2 - L9","Potencia activa L3","W",448.96420273873895,74.2797,2807.145,"2025-03-22T13:24:39.351Z",250.8087
"Medidor 2 - L9","Potencia activa L3","W",448.96420273873895,74.2797,2807.145,"2025-03-22T13:25:39.480Z",243.2527
"Medidor 2 - L9","Potencia activa L3","W",448.96420273873895,74.2797,2807.145,"2025-03-22T13:26:39.514Z",253.335
"Medidor 2 - L9","Potencia activa L3","W",448.96420273873895,74.2797,2807.145,"2025-03-22T13:27:39.652Z",242.7203
"Medidor 2 - L9","Potencia activa L3","W",448.96420273873895,74.2797,2807.145,"2025-03-22T13:28:39.729Z",242.1731
"Medidor 2 - L9","Potencia activa L3","W",448.96420273873895,74.2797,2807.145,"2025-03-22T13:29:39.864Z",240.0195
"Medidor 2 - L9","Potencia activa L3","W",448.96420273873895,74.2797,2807.145,"2025-03-22T13:30:39.941Z",238.8715
"Medidor 2 - L9","Potencia activa L3","W",448.96420273873895,74.2797,2807.145,"2025-03-22T13:31:39.993Z",234.1844
"Medidor 2 - L9","Potencia activa L3","W",448.96420273873895,74.2797,2807.145,"2025-03-22T13:32:40.140Z",238.6085
"Medidor 2 - L9","Potencia activa L3","W",448.96420273873895,74.2797,2807.145,"2025-03-22T13:33:40.143Z",236.9946
"Medidor 2 - L9","Potencia activa L3","W",448.96420273873895,74.2797,2807.145,"2025-03-22T13:34:40.226Z",239.0381
"Medidor 2 - L9","Potencia activa L3","W",448.96420273873895,74.2797,2807.145,"2025-03-22T13:35:40.343Z",459.9103
"Medidor 2 - L9","Potencia activa L3","W",448.96420273873895,74.2797,2807.145,"2025-03-22T13:36:40.458Z",461.8989
"Medidor 2 - L9","Potencia activa L3","W",448.96420273873895,74.2797,2807.145,"2025-03-22T13:37:40.572Z",243.0555
"Medidor 2 - L9","Potencia activa L3","W",448.96420273873895,74.2797,2807.145,"2025-03-22T13:38:40.675Z",238.682
"Medidor 2 - L9","Potencia activa L3","W",448.96420273873895,74.2797,2807.145,"2025-03-22T13:39:40.764Z",234.0826
"Medidor 2 - L9","Potencia activa L3","W",448.96420273873895,74.2797,2807.145,"2025-03-22T13:40:40.831Z",236.7898
"Medidor 2 - L9","Potencia activa L3","W",448.96420273873895,74.2797,2807.145,"2025-03-22T13:41:40.954Z",234.7342
"Medidor 2 - L9","Potencia activa L3","W",448.96420273873895,74.2797,2807.145,"2025-03-22T13:42:40.988Z",242.2228
"Medidor 2 - L9","Potencia activa L3","W",448.96420273873895,74.2797,2807.145,"2025-03-22T13:43:41.056Z",242.5114
"Medidor 2 - L9","Potencia activa L3","W",448.96420273873895,74.2797,2807.145,"2025-03-22T13:44:41.133Z",234.923
"Medidor 2 - L9","Potencia activa L3","W",448.96420273873895,74.2797,2807.145,"2025-03-22T13:45:41.268Z",262.7775
"Medidor 2 - L9","Potencia activa L3","W",448.96420273873895,74.2797,2807.145,"2025-03-22T13:46:41.318Z",273.3345
"Medidor 2 - L9","Potencia activa L3","W",448.96420273873895,74.2797,2807.145,"2025-03-22T13:47:41.372Z",274.8
"Medidor 2 - L9","Potencia activa L3","W",448.96420273873895,74.2797,2807.145,"2025-03-22T13:48:41.447Z",272.9431
"Medidor 2 - L9","Potencia activa L3","W",448.96420273873895,74.2797,2807.145,"2025-03-22T13:49:41.522Z",283.1894
"Medidor 2 - L9","Potencia activa L3","W",448.96420273873895,74.2797,2807.145,"2025-03-22T13:50:41.620Z",272.5818
"Medidor 2 - L9","Potencia activa L3","W",448.96420273873895,74.2797,2807.145,"2025-03-22T13:51:41.691Z",273.6045
"Medidor 2 - L9","Potencia activa L3","W",448.96420273873895,74.2797,2807.145,"2025-03-22T13:52:41.677Z",276.8582
"Medidor 2 - L9","Potencia activa L3","W",448.96420273873895,74.2797,2807.145,"2025-03-22T13:53:41.903Z",274.2967
"Medidor 2 - L9","Potencia activa L3","W",448.96420273873895,74.2797,2807.145,"2025-03-22T13:54:41.976Z",282.4975
"Medidor 2 - L9","Potencia activa L3","W",448.96420273873895,74.2797,2807.145,"2025-03-22T13:55:42.043Z",274.9059
"Medidor 2 - L9","Potencia activa L3","W",448.96420273873895,74.2797,2807.145,"2025-03-22T13:56:42.169Z",282.8442
"Medidor 2 - L9","Potencia activa L3","W",448.96420273873895,74.2797,2807.145,"2025-03-22T13:57:42.210Z",281.0089
"Medidor 2 - L9","Potencia activa L3","W",448.96420273873895,74.2797,2807.145,"2025-03-22T13:58:42.286Z",275.1784
"Medidor 2 - L9","Potencia activa L3","W",448.96420273873895,74.2797,2807.145,"2025-03-22T13:59:42.417Z",277.8076
"Medidor 2 - L9","Potencia activa L3","W",448.96420273873895,74.2797,2807.145,"2025-03-22T14:00:42.527Z",260.7794
"Medidor 2 - L9","Potencia activa L3","W",448.96420273873895,74.2797,2807.145,"2025-03-22T14:01:42.564Z",246.3137
"Medidor 2 - L9","Potencia activa L3","W",448.96420273873895,74.2797,2807.145,"2025-03-22T14:02:42.609Z",235.8955
"Medidor 2 - L9","Potencia activa L3","W",448.96420273873895,74.2797,2807.145,"2025-03-22T14:03:42.683Z",245.6416
"Medidor 2 - L9","Potencia activa L3","W",448.96420273873895,74.2797,2807.145,"2025-03-22T14:04:42.771Z",244.0657
"Medidor 2 - L9","Potencia activa L3","W",448.96420273873895,74.2797,2807.145,"2025-03-22T14:05:42.813Z",499.3002
"Medidor 2 - L9","Potencia activa L3","W",448.96420273873895,74.2797,2807.145,"2025-03-22T14:06:42.911Z",484.2101
"Medidor 2 - L9","Potencia activa L3","W",448.96420273873895,74.2797,2807.145,"2025-03-22T14:07:43.020Z",496.6186
"Medidor 2 - L9","Potencia activa L3","W",448.96420273873895,74.2797,2807.145,"2025-03-22T14:08:43.063Z",715.0375
"Medidor 2 - L9","Potencia activa L3","W",448.96420273873895,74.2797,2807.145,"2025-03-22T14:09:43.109Z",720.2728
"Medidor 2 - L9","Potencia activa L3","W",448.96420273873895,74.2797,2807.145,"2025-03-22T14:10:43.164Z",775.3326
"Medidor 2 - L9","Potencia activa L3","W",448.96420273873895,74.2797,2807.145,"2025-03-22T14:11:43.225Z",557.1437
"Medidor 2 - L9","Potencia activa L3","W",448.96420273873895,74.2797,2807.145,"2025-03-22T14:12:43.412Z",540.0304
"Medidor 2 - L9","Potencia activa L3","W",448.96420273873895,74.2797,2807.145,"2025-03-22T14:13:43.472Z",575.5896
"Medidor 2 - L9","Potencia activa L3","W",448.96420273873895,74.2797,2807.145,"2025-03-22T14:14:43.525Z",554.5449
"Medidor 2 - L9","Potencia activa L3","W",448.96420273873895,74.2797,2807.145,"2025-03-22T14:15:43.604Z",548.519
"Medidor 2 - L9","Potencia activa L3","W",448.96420273873895,74.2797,2807.145,"2025-03-22T14:16:43.636Z",554.6862
"Medidor 2 - L9","Potencia activa L3","W",448.96420273873895,74.2797,2807.145,"2025-03-22T14:17:43.692Z",556.6224
"Medidor 2 - L9","Potencia activa L3","W",448.96420273873895,74.2797,2807.145,"2025-03-22T14:18:43.868Z",622.3735
"Medidor 2 - L9","Potencia activa L3","W",448.96420273873895,74.2797,2807.145,"2025-03-22T14:19:43.836Z",622.2889
"Medidor 2 - L9","Potencia activa L3","W",448.96420273873895,74.2797,2807.145,"2025-03-22T14:20:43.889Z",622.7479
"Medidor 2 - L9","Potencia activa L3","W",448.96420273873895,74.2797,2807.145,"2025-03-22T14:21:43.975Z",644.0898
"Medidor 2 - L9","Potencia activa L3","W",448.96420273873895,74.2797,2807.145,"2025-03-22T14:22:44.061Z",627.4133
"Medidor 2 - L9","Potencia activa L3","W",448.96420273873895,74.2797,2807.145,"2025-03-22T14:23:44.159Z",628.9102
"Medidor 2 - L9","Potencia activa L3","W",448.96420273873895,74.2797,2807.145,"2025-03-22T14:24:44.216Z",625.579
"Medidor 2 - L9","Potencia activa L3","W",448.96420273873895,74.2797,2807.145,"2025-03-22T14:25:44.320Z",634.1398
"Medidor 2 - L9","Potencia activa L3","W",448.96420273873895,74.2797,2807.145,"2025-03-22T14:26:44.383Z",634.7073
"Medidor 2 - L9","Potencia activa L3","W",448.96420273873895,74.2797,2807.145,"2025-03-22T14:27:44.519Z",626.4848
"Medidor 2 - L9","Potencia activa L3","W",448.96420273873895,74.2797,2807.145,"2025-03-22T14:28:44.563Z",623.7532
"Medidor 2 - L9","Potencia activa L3","W",448.96420273873895,74.2797,2807.145,"2025-03-22T14:29:44.591Z",621.32
"Medidor 2 - L9","Potencia activa L3","W",448.96420273873895,74.2797,2807.145,"2025-03-22T14:30:44.706Z",618.9955
"Medidor 2 - L9","Potencia activa L3","W",448.96420273873895,74.2797,2807.145,"2025-03-22T14:31:44.810Z",621.6364
"Medidor 2 - L9","Potencia activa L3","W",448.96420273873895,74.2797,2807.145,"2025-03-22T14:32:44.945Z",797.2692
"Medidor 2 - L9","Potencia activa L3","W",448.96420273873895,74.2797,2807.145,"2025-03-22T14:33:44.994Z",625.9802
"Medidor 2 - L9","Potencia activa L3","W",448.96420273873895,74.2797,2807.145,"2025-03-22T14:34:45.069Z",642.5029
"Medidor 2 - L9","Potencia activa L3","W",448.96420273873895,74.2797,2807.145,"2025-03-22T14:35:45.189Z",945.5259
"Medidor 2 - L9","Potencia activa L3","W",448.96420273873895,74.2797,2807.145,"2025-03-22T14:36:45.178Z",992.6261
"Medidor 2 - L9","Potencia activa L3","W",448.96420273873895,74.2797,2807.145,"2025-03-22T14:37:45.333Z",941.5458
"Medidor 2 - L9","Potencia activa L3","W",448.96420273873895,74.2797,2807.145,"2025-03-22T14:38:45.380Z",815.4299
"Medidor 2 - L9","Potencia activa L3","W",448.96420273873895,74.2797,2807.145,"2025-03-22T14:39:45.450Z",858.1881
"Medidor 2 - L9","Potencia activa L3","W",448.96420273873895,74.2797,2807.145,"2025-03-22T14:40:45.488Z",817.1882
"Medidor 2 - L9","Potencia activa L3","W",448.96420273873895,74.2797,2807.145,"2025-03-22T14:41:45.556Z",827.1909
"Medidor 2 - L9","Potencia activa L3","W",448.96420273873895,74.2797,2807.145,"2025-03-22T14:42:45.662Z",1059.8993
"Medidor 2 - L9","Potencia activa L3","W",448.96420273873895,74.2797,2807.145,"2025-03-22T14:43:45.716Z",1033.8468
"Medidor 2 - L9","Potencia activa L3","W",448.96420273873895,74.2797,2807.145,"2025-03-22T14:44:45.777Z",806.4199
"Medidor 2 - L9","Potencia activa L3","W",448.96420273873895,74.2797,2807.145,"2025-03-22T14:45:45.872Z",817.9785
"Medidor 2 - L9","Potencia activa L3","W",448.96420273873895,74.2797,2807.145,"2025-03-22T14:46:45.964Z",619.3931
"Medidor 2 - L9","Potencia activa L3","W",448.96420273873895,74.2797,2807.145,"2025-03-22T14:47:46.017Z",603.9168
"Medidor 2 - L9","Potencia activa L3","W",448.96420273873895,74.2797,2807.145,"2025-03-22T14:48:46.114Z",604.8295
"Medidor 2 - L9","Potencia activa L3","W",448.96420273873895,74.2797,2807.145,"2025-03-22T14:49:46.206Z",605.655
"Medidor 2 - L9","Potencia activa L3","W",448.96420273873895,74.2797,2807.145,"2025-03-22T14:50:46.232Z",623.9666
"Medidor 2 - L9","Potencia activa L3","W",448.96420273873895,74.2797,2807.145,"2025-03-22T14:51:46.333Z",605.2654
"Medidor 2 - L9","Potencia activa L3","W",448.96420273873895,74.2797,2807.145,"2025-03-22T14:52:46.390Z",607.2709
"Medidor 2 - L9","Potencia activa L3","W",448.96420273873895,74.2797,2807.145,"2025-03-22T14:53:46.492Z",633.122
"Medidor 2 - L9","Potencia activa L3","W",448.96420273873895,74.2797,2807.145,"2025-03-22T14:54:46.595Z",618.5375
"Medidor 2 - L9","Potencia activa L3","W",448.96420273873895,74.2797,2807.145,"2025-03-22T14:55:46.571Z",621.4637
"Medidor 2 - L9","Potencia activa L3","W",448.96420273873895,74.2797,2807.145,"2025-03-22T14:56:46.742Z",618.3717
"Medidor 2 - L9","Potencia activa L3","W",448.96420273873895,74.2797,2807.145,"2025-03-22T14:57:46.906Z",619.1071
"Medidor 2 - L9","Potencia activa L3","W",448.96420273873895,74.2797,2807.145,"2025-03-22T14:58:46.967Z",622.2788
"Medidor 2 - L9","Potencia activa L3","W",448.96420273873895,74.2797,2807.145,"2025-03-22T14:59:47.072Z",618.9156
"Medidor 2 - L9","Potencia activa L3","W",448.96420273873895,74.2797,2807.145,"2025-03-22T15:00:47.178Z",610.6912
"Medidor 2 - L9","Potencia activa L3","W",448.96420273873895,74.2797,2807.145,"2025-03-22T15:01:47.262Z",615.4338
"Medidor 2 - L9","Potencia activa L3","W",448.96420273873895,74.2797,2807.145,"2025-03-22T15:02:47.370Z",626.0014
"Medidor 2 - L9","Potencia activa L3","W",448.96420273873895,74.2797,2807.145,"2025-03-22T15:03:47.509Z",624.3918
"Medidor 2 - L9","Potencia activa L3","W",448.96420273873895,74.2797,2807.145,"2025-03-22T15:04:47.609Z",624.3167
"Medidor 2 - L9","Potencia activa L3","W",448.96420273873895,74.2797,2807.145,"2025-03-22T15:05:47.707Z",613.535
"Medidor 2 - L9","Potencia activa L3","W",448.96420273873895,74.2797,2807.145,"2025-03-22T15:06:47.775Z",612.5415
"Medidor 2 - L9","Potencia activa L3","W",448.96420273873895,74.2797,2807.145,"2025-03-22T15:07:47.869Z",632.4882
"Medidor 2 - L9","Potencia activa L3","W",448.96420273873895,74.2797,2807.145,"2025-03-22T15:08:47.977Z",615.4912
"Medidor 2 - L9","Potencia activa L3","W",448.96420273873895,74.2797,2807.145,"2025-03-22T15:09:47.974Z",616.2464
"Medidor 2 - L9","Potencia activa L3","W",448.96420273873895,74.2797,2807.145,"2025-03-22T15:10:48.115Z",613.1541
"Medidor 2 - L9","Potencia activa L3","W",448.96420273873895,74.2797,2807.145,"2025-03-22T15:11:48.201Z",615.0094
"Medidor 2 - L9","Potencia activa L3","W",448.96420273873895,74.2797,2807.145,"2025-03-22T15:12:48.248Z",630.4948
"Medidor 2 - L9","Potencia activa L3","W",448.96420273873895,74.2797,2807.145,"2025-03-22T15:13:48.288Z",828.8833
"Medidor 2 - L9","Potencia activa L3","W",448.96420273873895,74.2797,2807.145,"2025-03-22T15:14:48.385Z",830.1611
"Medidor 2 - L9","Potencia activa L3","W",448.96420273873895,74.2797,2807.145,"2025-03-22T15:15:48.453Z",614.0006
"Medidor 2 - L9","Potencia activa L3","W",448.96420273873895,74.2797,2807.145,"2025-03-22T15:16:48.573Z",633.1313
"Medidor 2 - L9","Potencia activa L3","W",448.96420273873895,74.2797,2807.145,"2025-03-22T15:17:48.728Z",613.9587
"Medidor 2 - L9","Potencia activa L3","W",448.96420273873895,74.2797,2807.145,"2025-03-22T15:18:48.784Z",613.5926
"Medidor 2 - L9","Potencia activa L3","W",448.96420273873895,74.2797,2807.145,"2025-03-22T15:19:48.961Z",612.4291
"Medidor 2 - L9","Potencia activa L3","W",448.96420273873895,74.2797,2807.145,"2025-03-22T15:20:48.965Z",612.12
"Medidor 2 - L9","Potencia activa L3","W",448.96420273873895,74.2797,2807.145,"2025-03-22T15:21:49.072Z",623.9838
"Medidor 2 - L9","Potencia activa L3","W",448.96420273873895,74.2797,2807.145,"2025-03-22T15:22:49.175Z",620.4675
"Medidor 2 - L9","Potencia activa L3","W",448.96420273873895,74.2797,2807.145,"2025-03-22T15:23:49.257Z",614.0023
"Medidor 2 - L9","Potencia activa L3","W",448.96420273873895,74.2797,2807.145,"2025-03-22T15:24:49.397Z",627.0167
"Medidor 2 - L9","Potencia activa L3","W",448.96420273873895,74.2797,2807.145,"2025-03-22T15:25:49.428Z",628.03
"Medidor 2 - L9","Potencia activa L3","W",448.96420273873895,74.2797,2807.145,"2025-03-22T15:26:49.498Z",619.73
"Medidor 2 - L9","Potencia activa L3","W",448.96420273873895,74.2797,2807.145,"2025-03-22T15:27:49.588Z",621.3219
"Medidor 2 - L9","Potencia activa L3","W",448.96420273873895,74.2797,2807.145,"2025-03-22T15:28:49.620Z",616.0472
"Medidor 2 - L9","Potencia activa L3","W",448.96420273873895,74.2797,2807.145,"2025-03-22T15:29:49.681Z",617.3379
"Medidor 2 - L9","Potencia activa L3","W",448.96420273873895,74.2797,2807.145,"2025-03-22T15:30:49.781Z",617.5826
"Medidor 2 - L9","Potencia activa L3","W",448.96420273873895,74.2797,2807.145,"2025-03-22T15:31:49.865Z",614.9769
"Medidor 2 - L9","Potencia activa L3","W",448.96420273873895,74.2797,2807.145,"2025-03-22T15:32:49.920Z",615.8884
"Medidor 2 - L9","Potencia activa L3","W",448.96420273873895,74.2797,2807.145,"2025-03-22T15:33:50.004Z",615.2617
"Medidor 2 - L9","Potencia activa L3","W",448.96420273873895,74.2797,2807.145,"2025-03-22T15:34:50.103Z",613.475
"Medidor 2 - L9","Potencia activa L3","W",448.96420273873895,74.2797,2807.145,"2025-03-22T15:35:50.162Z",614.2467
"Medidor 2 - L9","Potencia activa L3","W",448.96420273873895,74.2797,2807.145,"2025-03-22T15:36:50.322Z",612.939
"Medidor 2 - L9","Potencia activa L3","W",448.96420273873895,74.2797,2807.145,"2025-03-22T15:37:50.341Z",620.949
"Medidor 2 - L9","Potencia activa L3","W",448.96420273873895,74.2797,2807.145,"2025-03-22T15:38:50.434Z",612.9733
"Medidor 2 - L9","Potencia activa L3","W",448.96420273873895,74.2797,2807.145,"2025-03-22T15:39:50.525Z",622.4811
"Medidor 2 - L9","Potencia activa L3","W",448.96420273873895,74.2797,2807.145,"2025-03-22T15:40:50.568Z",622.3192
"Medidor 2 - L9","Potencia activa L3","W",448.96420273873895,74.2797,2807.145,"2025-03-22T15:41:50.655Z",624.4167
"Medidor 2 - L9","Potencia activa L3","W",448.96420273873895,74.2797,2807.145,"2025-03-22T15:42:50.492Z",624.9628
"Medidor 2 - L9","Potencia activa L3","W",448.96420273873895,74.2797,2807.145,"2025-03-22T15:43:50.825Z",614.2935
"Medidor 2 - L9","Potencia activa L3","W",448.96420273873895,74.2797,2807.145,"2025-03-22T15:44:50.936Z",615.9081
"Medidor 2 - L9","Potencia activa L3","W",448.96420273873895,74.2797,2807.145,"2025-03-22T15:45:50.989Z",829.1035
"Medidor 2 - L9","Potencia activa L3","W",448.96420273873895,74.2797,2807.145,"2025-03-22T15:46:51.085Z",822.8669
"Medidor 2 - L9","Potencia activa L3","W",448.96420273873895,74.2797,2807.145,"2025-03-22T15:47:51.174Z",603.5038
"Medidor 2 - L9","Potencia activa L3","W",448.96420273873895,74.2797,2807.145,"2025-03-22T15:48:51.277Z",608.4177
"Medidor 2 - L9","Potencia activa L3","W",448.96420273873895,74.2797,2807.145,"2025-03-22T15:49:51.261Z",602.6055
"Medidor 2 - L9","Potencia activa L3","W",448.96420273873895,74.2797,2807.145,"2025-03-22T15:50:51.419Z",608.8349
"Medidor 2 - L9","Potencia activa L3","W",448.96420273873895,74.2797,2807.145,"2025-03-22T15:51:51.460Z",621.7919
"Medidor 2 - L9","Potencia activa L3","W",448.96420273873895,74.2797,2807.145,"2025-03-22T15:52:51.565Z",604.187
"Medidor 2 - L9","Potencia activa L3","W",448.96420273873895,74.2797,2807.145,"2025-03-22T15:53:51.634Z",604.6285
"Medidor 2 - L9","Potencia activa L3","W",448.96420273873895,74.2797,2807.145,"2025-03-22T15:54:51.779Z",606.1423
"Medidor 2 - L9","Potencia activa L3","W",448.96420273873895,74.2797,2807.145,"2025-03-22T15:55:51.851Z",613.7334
"Medidor 2 - L9","Potencia activa L3","W",448.96420273873895,74.2797,2807.145,"2025-03-22T15:56:51.969Z",602.1781
"Medidor 2 - L9","Potencia activa L3","W",448.96420273873895,74.2797,2807.145,"2025-03-22T15:57:52.096Z",602.6661
"Medidor 2 - L9","Potencia activa L3","W",448.96420273873895,74.2797,2807.145,"2025-03-22T15:58:52.148Z",602.6971
"Medidor 2 - L9","Potencia activa L3","W",448.96420273873895,74.2797,2807.145,"2025-03-22T15:59:52.220Z",605.2758
"Medidor 2 - L9","Potencia activa L3","W",448.96420273873895,74.2797,2807.145,"2025-03-22T16:00:52.197Z",621.5374
"Medidor 2 - L9","Potencia activa L3","W",448.96420273873895,74.2797,2807.145,"2025-03-22T16:01:52.382Z",652.4502
"Medidor 2 - L9","Potencia activa L3","W",448.96420273873895,74.2797,2807.145,"2025-03-22T16:02:52.487Z",624.9241
"Medidor 2 - L9","Potencia activa L3","W",448.96420273873895,74.2797,2807.145,"2025-03-22T16:03:52.565Z",623.4379
"Medidor 2 - L9","Potencia activa L3","W",448.96420273873895,74.2797,2807.145,"2025-03-22T16:04:52.704Z",624.5298
"Medidor 2 - L9","Potencia activa L3","W",448.96420273873895,74.2797,2807.145,"2025-03-22T16:05:52.733Z",624.5092
"Medidor 2 - L9","Potencia activa L3","W",448.96420273873895,74.2797,2807.145,"2025-03-22T16:06:52.848Z",623.0914
"Medidor 2 - L9","Potencia activa L3","W",448.96420273873895,74.2797,2807.145,"2025-03-22T16:07:52.947Z",615.4373
"Medidor 2 - L9","Potencia activa L3","W",448.96420273873895,74.2797,2807.145,"2025-03-22T16:08:52.963Z",614.4302
"Medidor 2 - L9","Potencia activa L3","W",448.96420273873895,74.2797,2807.145,"2025-03-22T16:09:53.085Z",616.7018
"Medidor 2 - L9","Potencia activa L3","W",448.96420273873895,74.2797,2807.145,"2025-03-22T16:10:53.151Z",617.9506
"Medidor 2 - L9","Potencia activa L3","W",448.96420273873895,74.2797,2807.145,"2025-03-22T16:11:53.298Z",603.7029
"Medidor 2 - L9","Potencia activa L3","W",448.96420273873895,74.2797,2807.145,"2025-03-22T16:12:53.394Z",613.5674
"Medidor 2 - L9","Potencia activa L3","W",448.96420273873895,74.2797,2807.145,"2025-03-22T16:13:53.518Z",619.7706
"Medidor 2 - L9","Potencia activa L3","W",448.96420273873895,74.2797,2807.145,"2025-03-22T16:14:53.579Z",619.9523
"Medidor 2 - L9","Potencia activa L3","W",448.96420273873895,74.2797,2807.145,"2025-03-22T16:15:53.525Z",615.8695
"Medidor 2 - L9","Potencia activa L3","W",448.96420273873895,74.2797,2807.145,"2025-03-22T16:16:53.847Z",615.7697
"Medidor 2 - L9","Potencia activa L3","W",448.96420273873895,74.2797,2807.145,"2025-03-22T16:17:53.885Z",615.0707
"Medidor 2 - L9","Potencia activa L3","W",448.96420273873895,74.2797,2807.145,"2025-03-22T16:18:53.984Z",828.7372
"Medidor 2 - L9","Potencia activa L3","W",448.96420273873895,74.2797,2807.145,"2025-03-22T16:19:54.100Z",896.2402
"Medidor 2 - L9","Potencia activa L3","W",448.96420273873895,74.2797,2807.145,"2025-03-22T16:20:54.185Z",646.1426
"Medidor 2 - L9","Potencia activa L3","W",448.96420273873895,74.2797,2807.145,"2025-03-22T16:21:54.246Z",642.898
"Medidor 2 - L9","Potencia activa L3","W",448.96420273873895,74.2797,2807.145,"2025-03-22T16:22:54.312Z",643.7961
"Medidor 2 - L9","Potencia activa L3","W",448.96420273873895,74.2797,2807.145,"2025-03-22T16:23:54.386Z",644.2367
"Medidor 2 - L9","Potencia activa L3","W",448.96420273873895,74.2797,2807.145,"2025-03-22T16:24:54.498Z",658.2766
"Medidor 2 - L9","Potencia activa L3","W",448.96420273873895,74.2797,2807.145,"2025-03-22T16:25:54.582Z",657.3805
"Medidor 2 - L9","Potencia activa L3","W",448.96420273873895,74.2797,2807.145,"2025-03-22T16:26:54.630Z",648.6445
"Medidor 2 - L9","Potencia activa L3","W",448.96420273873895,74.2797,2807.145,"2025-03-22T16:27:54.643Z",650.251
"Medidor 2 - L9","Potencia activa L3","W",448.96420273873895,74.2797,2807.145,"2025-03-22T16:28:54.775Z",652.3304
"Medidor 2 - L9","Potencia activa L3","W",448.96420273873895,74.2797,2807.145,"2025-03-22T16:29:54.827Z",650.8725
"Medidor 2 - L9","Potencia activa L3","W",448.96420273873895,74.2797,2807.145,"2025-03-22T16:30:54.924Z",649.2462
"Medidor 2 - L9","Potencia activa L3","W",448.96420273873895,74.2797,2807.145,"2025-03-22T16:31:55.027Z",650.0629
"Medidor 2 - L9","Potencia activa L3","W",448.96420273873895,74.2797,2807.145,"2025-03-22T16:32:55.081Z",650.9514
"Medidor 2 - L9","Potencia activa L3","W",448.96420273873895,74.2797,2807.145,"2025-03-22T16:33:55.227Z",647.8696
"Medidor 2 - L9","Potencia activa L3","W",448.96420273873895,74.2797,2807.145,"2025-03-22T16:34:55.264Z",664.9486
"Medidor 2 - L9","Potencia activa L3","W",448.96420273873895,74.2797,2807.145,"2025-03-22T16:35:55.361Z",651.9745
"Medidor 2 - L9","Potencia activa L3","W",448.96420273873895,74.2797,2807.145,"2025-03-22T16:36:55.413Z",642.862
"Medidor 2 - L9","Potencia activa L3","W",448.96420273873895,74.2797,2807.145,"2025-03-22T16:37:55.533Z",651.3494
"Medidor 2 - L9","Potencia activa L3","W",448.96420273873895,74.2797,2807.145,"2025-03-22T16:38:55.531Z",654.015
"Medidor 2 - L9","Potencia activa L3","W",448.96420273873895,74.2797,2807.145,"2025-03-22T16:39:55.572Z",650.0892
"Medidor 2 - L9","Potencia activa L3","W",448.96420273873895,74.2797,2807.145,"2025-03-22T16:40:55.664Z",653.982
"Medidor 2 - L9","Potencia activa L3","W",448.96420273873895,74.2797,2807.145,"2025-03-22T16:41:55.762Z",654.6234
"Medidor 2 - L9","Potencia activa L3","W",448.96420273873895,74.2797,2807.145,"2025-03-22T16:42:55.824Z",653.9241
"Medidor 2 - L9","Potencia activa L3","W",448.96420273873895,74.2797,2807.145,"2025-03-22T16:43:55.943Z",655.1469
"Medidor 2 - L9","Potencia activa L3","W",448.96420273873895,74.2797,2807.145,"2025-03-22T16:44:56.073Z",656.5244
"Medidor 2 - L9","Potencia activa L3","W",448.96420273873895,74.2797,2807.145,"2025-03-22T16:45:56.126Z",679.7784
"Medidor 2 - L9","Potencia activa L3","W",448.96420273873895,74.2797,2807.145,"2025-03-22T16:46:56.249Z",644.1221
"Medidor 2 - L9","Potencia activa L3","W",448.96420273873895,74.2797,2807.145,"2025-03-22T16:47:56.379Z",641.7911
"Medidor 2 - L9","Potencia activa L3","W",448.96420273873895,74.2797,2807.145,"2025-03-22T16:48:56.369Z",611.0912
"Medidor 2 - L9","Potencia activa L3","W",448.96420273873895,74.2797,2807.145,"2025-03-22T16:49:56.487Z",618.0094
"Medidor 2 - L9","Potencia activa L3","W",448.96420273873895,74.2797,2807.145,"2025-03-22T16:50:56.643Z",581.3024
"Medidor 2 - L9","Potencia activa L3","W",448.96420273873895,74.2797,2807.145,"2025-03-22T16:51:56.699Z",580.7228
"Medidor 2 - L9","Potencia activa L3","W",448.96420273873895,74.2797,2807.145,"2025-03-22T16:52:56.818Z",578.6437
"Medidor 2 - L9","Potencia activa L3","W",448.96420273873895,74.2797,2807.145,"2025-03-22T16:53:56.868Z",791.9181
"Medidor 2 - L9","Potencia activa L3","W",448.96420273873895,74.2797,2807.145,"2025-03-22T16:54:56.951Z",792.7697
"Medidor 2 - L9","Potencia activa L3","W",448.96420273873895,74.2797,2807.145,"2025-03-22T16:55:57.039Z",795.5852
"Medidor 2 - L9","Potencia activa L3","W",448.96420273873895,74.2797,2807.145,"2025-03-22T16:56:57.200Z",598.8431
"Medidor 2 - L9","Potencia activa L3","W",448.96420273873895,74.2797,2807.145,"2025-03-22T16:57:57.240Z",581.2092
"Medidor 2 - L9","Potencia activa L3","W",448.96420273873895,74.2797,2807.145,"2025-03-22T16:58:57.303Z",582.4396
"Medidor 2 - L9","Potencia activa L3","W",448.96420273873895,74.2797,2807.145,"2025-03-22T16:59:57.416Z",594.871
"Medidor 2 - L9","Potencia activa L3","W",448.96420273873895,74.2797,2807.145,"2025-03-22T17:00:57.493Z",584.727
"Medidor 2 - L9","Potencia activa L3","W",448.96420273873895,74.2797,2807.145,"2025-03-22T17:01:57.628Z",590.2347
"Medidor 2 - L9","Potencia activa L3","W",448.96420273873895,74.2797,2807.145,"2025-03-22T17:02:57.708Z",615.939
"Medidor 2 - L9","Potencia activa L3","W",448.96420273873895,74.2797,2807.145,"2025-03-22T17:03:57.814Z",596.3601
"Medidor 2 - L9","Potencia activa L3","W",448.96420273873895,74.2797,2807.145,"2025-03-22T17:04:57.847Z",595.2721
"Medidor 2 - L9","Potencia activa L3","W",448.96420273873895,74.2797,2807.145,"2025-03-22T17:05:57.885Z",599.1696
"Medidor 2 - L9","Potencia activa L3","W",448.96420273873895,74.2797,2807.145,"2025-03-22T17:06:58.013Z",589.1149
"Medidor 2 - L9","Potencia activa L3","W",448.96420273873895,74.2797,2807.145,"2025-03-22T17:07:58.105Z",590.1618
"Medidor 2 - L9","Potencia activa L3","W",448.96420273873895,74.2797,2807.145,"2025-03-22T17:08:58.143Z",587.6483
"Medidor 2 - L9","Potencia activa L3","W",448.96420273873895,74.2797,2807.145,"2025-03-22T17:09:58.160Z",585.9734
"Medidor 2 - L9","Potencia activa L3","W",448.96420273873895,74.2797,2807.145,"2025-03-22T17:10:58.284Z",589.387
"Medidor 2 - L9","Potencia activa L3","W",448.96420273873895,74.2797,2807.145,"2025-03-22T17:11:58.400Z",589.1994
"Medidor 2 - L9","Potencia activa L3","W",448.96420273873895,74.2797,2807.145,"2025-03-22T17:12:58.510Z",588.4623
"Medidor 2 - L9","Potencia activa L3","W",448.96420273873895,74.2797,2807.145,"2025-03-22T17:13:58.638Z",590.5295
"Medidor 2 - L9","Potencia activa L3","W",448.96420273873895,74.2797,2807.145,"2025-03-22T17:14:58.747Z",587.9827
"Medidor 2 - L9","Potencia activa L3","W",448.96420273873895,74.2797,2807.145,"2025-03-22T17:15:58.829Z",594.0331
"Medidor 2 - L9","Potencia activa L3","W",448.96420273873895,74.2797,2807.145,"2025-03-22T17:16:58.904Z",601.3624
"Medidor 2 - L9","Potencia activa L3","W",448.96420273873895,74.2797,2807.145,"2025-03-22T17:17:58.941Z",600.7484
"Medidor 2 - L9","Potencia activa L3","W",448.96420273873895,74.2797,2807.145,"2025-03-22T17:18:58.993Z",602.7291
"Medidor 2 - L9","Potencia activa L3","W",448.96420273873895,74.2797,2807.145,"2025-03-22T17:19:59.127Z",589.8694
"Medidor 2 - L9","Potencia activa L3","W",448.96420273873895,74.2797,2807.145,"2025-03-22T17:20:59.177Z",590.0513
"Medidor 2 - L9","Potencia activa L3","W",448.96420273873895,74.2797,2807.145,"2025-03-22T17:21:59.216Z",587.1234
"Medidor 2 - L9","Potencia activa L3","W",448.96420273873895,74.2797,2807.145,"2025-03-22T17:22:59.321Z",586.3666
"Medidor 2 - L9","Potencia activa L3","W",448.96420273873895,74.2797,2807.145,"2025-03-22T17:23:59.334Z",564.4786
"Medidor 2 - L9","Potencia activa L3","W",448.96420273873895,74.2797,2807.145,"2025-03-22T17:24:59.404Z",540.061
"Medidor 2 - L9","Potencia activa L3","W",448.96420273873895,74.2797,2807.145,"2025-03-22T17:25:59.496Z",547.1063
"Medidor 2 - L9","Potencia activa L3","W",448.96420273873895,74.2797,2807.145,"2025-03-22T17:26:59.638Z",569.3265
"Medidor 2 - L9","Potencia activa L3","W",448.96420273873895,74.2797,2807.145,"2025-03-22T17:27:59.654Z",546.803
"Medidor 2 - L9","Potencia activa L3","W",448.96420273873895,74.2797,2807.145,"2025-03-22T17:28:59.746Z",546.738
"Medidor 2 - L9","Potencia activa L3","W",448.96420273873895,74.2797,2807.145,"2025-03-22T17:29:59.861Z",776.6504
"Medidor 2 - L9","Potencia activa L3","W",448.96420273873895,74.2797,2807.145,"2025-03-22T17:31:00.021Z",779.7996
"Medidor 2 - L9","Potencia activa L3","W",448.96420273873895,74.2797,2807.145,"2025-03-22T17:32:00.109Z",558.0629
"Medidor 2 - L9","Potencia activa L3","W",448.96420273873895,74.2797,2807.145,"2025-03-22T17:33:00.131Z",553.052
"Medidor 2 - L9","Potencia activa L3","W",448.96420273873895,74.2797,2807.145,"2025-03-22T17:34:00.304Z",556.3604
"Medidor 2 - L9","Potencia activa L3","W",448.96420273873895,74.2797,2807.145,"2025-03-22T17:35:00.557Z",566.1292
"Medidor 2 - L9","Potencia activa L3","W",448.96420273873895,74.2797,2807.145,"2025-03-22T17:36:00.562Z",552.2569
"Medidor 2 - L9","Potencia activa L3","W",448.96420273873895,74.2797,2807.145,"2025-03-22T17:37:00.599Z",551.8242
"Medidor 2 - L9","Potencia activa L3","W",448.96420273873895,74.2797,2807.145,"2025-03-22T17:38:00.683Z",561.5331
"Medidor 2 - L9","Potencia activa L3","W",448.96420273873895,74.2797,2807.145,"2025-03-22T17:39:00.714Z",576.5756
"Medidor 2 - L9","Potencia activa L3","W",448.96420273873895,74.2797,2807.145,"2025-03-22T17:40:00.797Z",564.6675
"Medidor 2 - L9","Potencia activa L3","W",448.96420273873895,74.2797,2807.145,"2025-03-22T17:41:00.843Z",563.3361
"Medidor 2 - L9","Potencia activa L3","W",448.96420273873895,74.2797,2807.145,"2025-03-22T17:42:00.954Z",559.3617
"Medidor 2 - L9","Potencia activa L3","W",448.96420273873895,74.2797,2807.145,"2025-03-22T17:43:01.039Z",564.5641
"Medidor 2 - L9","Potencia activa L3","W",448.96420273873895,74.2797,2807.145,"2025-03-22T17:44:01.128Z",556.8853
"Medidor 2 - L9","Potencia activa L3","W",448.96420273873895,74.2797,2807.145,"2025-03-22T17:45:01.213Z",563.7133
"Medidor 2 - L9","Potencia activa L3","W",448.96420273873895,74.2797,2807.145,"2025-03-22T17:46:01.258Z",555.6429
"Medidor 2 - L9","Potencia activa L3","W",448.96420273873895,74.2797,2807.145,"2025-03-22T17:47:01.331Z",549.5904
"Medidor 2 - L9","Potencia activa L3","W",448.96420273873895,74.2797,2807.145,"2025-03-22T17:48:01.483Z",588.955
"Medidor 2 - L9","Potencia activa L3","W",448.96420273873895,74.2797,2807.145,"2025-03-22T17:49:01.522Z",585.373
"Medidor 2 - L9","Potencia activa L3","W",448.96420273873895,74.2797,2807.145,"2025-03-22T17:50:01.591Z",584.1172
"Medidor 2 - L9","Potencia activa L3","W",448.96420273873895,74.2797,2807.145,"2025-03-22T17:51:01.618Z",581.5156
"Medidor 2 - L9","Potencia activa L3","W",448.96420273873895,74.2797,2807.145,"2025-03-22T17:52:01.674Z",585.637
"Medidor 2 - L9","Potencia activa L3","W",448.96420273873895,74.2797,2807.145,"2025-03-22T17:53:01.763Z",579.1027
"Medidor 2 - L9","Potencia activa L3","W",448.96420273873895,74.2797,2807.145,"2025-03-22T17:54:01.904Z",579.8181
"Medidor 2 - L9","Potencia activa L3","W",448.96420273873895,74.2797,2807.145,"2025-03-22T17:55:01.828Z",583.744
"Medidor 2 - L9","Potencia activa L3","W",448.96420273873895,74.2797,2807.145,"2025-03-22T17:56:02.018Z",574.0173
"Medidor 2 - L9","Potencia activa L3","W",448.96420273873895,74.2797,2807.145,"2025-03-22T17:57:02.076Z",577.8845
"Medidor 2 - L9","Potencia activa L3","W",448.96420273873895,74.2797,2807.145,"2025-03-22T17:58:02.260Z",583.9464
"Medidor 2 - L9","Potencia activa L3","W",448.96420273873895,74.2797,2807.145,"2025-03-22T17:59:02.349Z",596.467
"Medidor 2 - L9","Potencia activa L3","W",448.96420273873895,74.2797,2807.145,"2025-03-22T18:00:02.440Z",602.0114
"Medidor 2 - L9","Potencia activa L3","W",448.96420273873895,74.2797,2807.145,"2025-03-22T18:01:02.499Z",578.2752
"Medidor 2 - L9","Potencia activa L3","W",448.96420273873895,74.2797,2807.145,"2025-03-22T18:02:02.571Z",572.2491
"Medidor 2 - L9","Potencia activa L3","W",448.96420273873895,74.2797,2807.145,"2025-03-22T18:03:02.680Z",568.4038
"Medidor 2 - L9","Potencia activa L3","W",448.96420273873895,74.2797,2807.145,"2025-03-22T18:04:02.789Z",503.1244
"Medidor 2 - L9","Potencia activa L3","W",448.96420273873895,74.2797,2807.145,"2025-03-22T18:05:02.839Z",721.0571
"Medidor 2 - L9","Potencia activa L3","W",448.96420273873895,74.2797,2807.145,"2025-03-22T18:06:02.860Z",735.993
"Medidor 2 - L9","Potencia activa L3","W",448.96420273873895,74.2797,2807.145,"2025-03-22T18:07:02.959Z",725.3555
"Medidor 2 - L9","Potencia activa L3","W",448.96420273873895,74.2797,2807.145,"2025-03-22T18:08:03.094Z",532.9472
"Medidor 2 - L9","Potencia activa L3","W",448.96420273873895,74.2797,2807.145,"2025-03-22T18:09:03.159Z",521.4012
"Medidor 2 - L9","Potencia activa L3","W",448.96420273873895,74.2797,2807.145,"2025-03-22T18:10:03.259Z",495.8812
"Medidor 2 - L9","Potencia activa L3","W",448.96420273873895,74.2797,2807.145,"2025-03-22T18:11:03.352Z",484.8286
"Medidor 2 - L9","Potencia activa L3","W",448.96420273873895,74.2797,2807.145,"2025-03-22T18:12:03.440Z",489.3687
"Medidor 2 - L9","Potencia activa L3","W",448.96420273873895,74.2797,2807.145,"2025-03-22T18:13:03.563Z",486.126
"Medidor 2 - L9","Potencia activa L3","W",448.96420273873895,74.2797,2807.145,"2025-03-22T18:14:03.600Z",462.6394
"Medidor 2 - L9","Potencia activa L3","W",448.96420273873895,74.2797,2807.145,"2025-03-22T18:15:03.617Z",478.8206
"Medidor 2 - L9","Potencia activa L3","W",448.96420273873895,74.2797,2807.145,"2025-03-22T18:16:03.724Z",484.5911
"Medidor 2 - L9","Potencia activa L3","W",448.96420273873895,74.2797,2807.145,"2025-03-22T18:17:03.785Z",235.9039
"Medidor 2 - L9","Potencia activa L3","W",448.96420273873895,74.2797,2807.145,"2025-03-22T18:18:03.847Z",232.2119
"Medidor 2 - L9","Potencia activa L3","W",448.96420273873895,74.2797,2807.145,"2025-03-22T18:19:03.919Z",225.9612
"Medidor 2 - L9","Potencia activa L3","W",448.96420273873895,74.2797,2807.145,"2025-03-22T18:20:03.997Z",223.0098
"Medidor 2 - L9","Potencia activa L3","W",448.96420273873895,74.2797,2807.145,"2025-03-22T18:21:04.049Z",225.3793
"Medidor 2 - L9","Potencia activa L3","W",448.96420273873895,74.2797,2807.145,"2025-03-22T18:22:04.168Z",218.1574
"Medidor 2 - L9","Potencia activa L3","W",448.96420273873895,74.2797,2807.145,"2025-03-22T18:23:04.188Z",219.2313
"Medidor 2 - L9","Potencia activa L3","W",448.96420273873895,74.2797,2807.145,"2025-03-22T18:24:04.301Z",229.7947
"Medidor 2 - L9","Potencia activa L3","W",448.96420273873895,74.2797,2807.145,"2025-03-22T18:25:04.425Z",220.3644
"Medidor 2 - L9","Potencia activa L3","W",448.96420273873895,74.2797,2807.145,"2025-03-22T18:26:04.567Z",217.1553
"Medidor 2 - L9","Potencia activa L3","W",448.96420273873895,74.2797,2807.145,"2025-03-22T18:27:04.662Z",216.3373
"Medidor 2 - L9","Potencia activa L3","W",448.96420273873895,74.2797,2807.145,"2025-03-22T18:28:04.735Z",220.5949
"Medidor 2 - L9","Potencia activa L3","W",448.96420273873895,74.2797,2807.145,"2025-03-22T18:29:04.805Z",221.2829
"Medidor 2 - L9","Potencia activa L3","W",448.96420273873895,74.2797,2807.145,"2025-03-22T18:30:04.851Z",215.6709
"Medidor 2 - L9","Potencia activa L3","W",448.96420273873895,74.2797,2807.145,"2025-03-22T18:31:04.982Z",204.0368
"Medidor 2 - L9","Potencia activa L3","W",448.96420273873895,74.2797,2807.145,"2025-03-22T18:32:05.010Z",228.1951
"Medidor 2 - L9","Potencia activa L3","W",448.96420273873895,74.2797,2807.145,"2025-03-22T18:33:05.086Z",206.4925
"Medidor 2 - L9","Potencia activa L3","W",448.96420273873895,74.2797,2807.145,"2025-03-22T18:34:05.115Z",205.1403
"Medidor 2 - L9","Potencia activa L3","W",448.96420273873895,74.2797,2807.145,"2025-03-22T18:35:05.247Z",207.2123
"Medidor 2 - L9","Potencia activa L3","W",448.96420273873895,74.2797,2807.145,"2025-03-22T18:36:05.413Z",216.2222
"Medidor 2 - L9","Potencia activa L3","W",448.96420273873895,74.2797,2807.145,"2025-03-22T18:37:05.464Z",213.5023
"Medidor 2 - L9","Potencia activa L3","W",448.96420273873895,74.2797,2807.145,"2025-03-22T18:38:05.561Z",204.9899
"Medidor 2 - L9","Potencia activa L3","W",448.96420273873895,74.2797,2807.145,"2025-03-22T18:39:05.652Z",203.1772
"Medidor 2 - L9","Potencia activa L3","W",448.96420273873895,74.2797,2807.145,"2025-03-22T18:40:05.712Z",208.4631
"Medidor 2 - L9","Potencia activa L3","W",448.96420273873895,74.2797,2807.145,"2025-03-22T18:41:05.824Z",451.6052
"Medidor 2 - L9","Potencia activa L3","W",448.96420273873895,74.2797,2807.145,"2025-03-22T18:42:05.932Z",426.1172
"Medidor 2 - L9","Potencia activa L3","W",448.96420273873895,74.2797,2807.145,"2025-03-22T18:43:05.926Z",203.5803
"Medidor 2 - L9","Potencia activa L3","W",448.96420273873895,74.2797,2807.145,"2025-03-22T18:44:06.058Z",231.4756
"Medidor 2 - L9","Potencia activa L3","W",448.96420273873895,74.2797,2807.145,"2025-03-22T18:45:06.100Z",204.6299
"Medidor 2 - L9","Potencia activa L3","W",448.96420273873895,74.2797,2807.145,"2025-03-22T18:46:06.206Z",205.1489
"Medidor 2 - L9","Potencia activa L3","W",448.96420273873895,74.2797,2807.145,"2025-03-22T18:47:06.258Z",206.8178
"Medidor 2 - L9","Potencia activa L3","W",448.96420273873895,74.2797,2807.145,"2025-03-22T18:48:06.352Z",205.4645
"Medidor 2 - L9","Potencia activa L3","W",448.96420273873895,74.2797,2807.145,"2025-03-22T18:49:06.427Z",204.6359
"Medidor 2 - L9","Potencia activa L3","W",448.96420273873895,74.2797,2807.145,"2025-03-22T18:50:06.577Z",203.5822
"Medidor 2 - L9","Potencia activa L3","W",448.96420273873895,74.2797,2807.145,"2025-03-22T18:51:06.673Z",205.8415
"Medidor 2 - L9","Potencia activa L3","W",448.96420273873895,74.2797,2807.145,"2025-03-22T18:52:06.786Z",203.6747
"Medidor 2 - L9","Potencia activa L3","W",448.96420273873895,74.2797,2807.145,"2025-03-22T18:53:06.799Z",201.5381
"Medidor 2 - L9","Potencia activa L3","W",448.96420273873895,74.2797,2807.145,"2025-03-22T18:54:06.924Z",205.4646
"Medidor 2 - L9","Potencia activa L3","W",448.96420273873895,74.2797,2807.145,"2025-03-22T18:55:07.010Z",203.9586
"Medidor 2 - L9","Potencia activa L3","W",448.96420273873895,74.2797,2807.145,"2025-03-22T18:56:07.034Z",201.4987
"Medidor 2 - L9","Potencia activa L3","W",448.96420273873895,74.2797,2807.145,"2025-03-22T18:57:07.134Z",215.2326
"Medidor 2 - L9","Potencia activa L3","W",448.96420273873895,74.2797,2807.145,"2025-03-22T18:58:07.177Z",211.197
"Medidor 2 - L9","Potencia activa L3","W",448.96420273873895,74.2797,2807.145,"2025-03-22T18:59:07.226Z",211.8384
"Medidor 2 - L9","Potencia activa L3","W",448.96420273873895,74.2797,2807.145,"2025-03-22T19:00:07.275Z",208.8541
"Medidor 2 - L9","Potencia activa L3","W",448.96420273873895,74.2797,2807.145,"2025-03-22T19:01:07.340Z",206.3922
"Medidor 2 - L9","Potencia activa L3","W",448.96420273873895,74.2797,2807.145,"2025-03-22T19:02:07.443Z",213.8577
"Medidor 2 - L9","Potencia activa L3","W",448.96420273873895,74.2797,2807.145,"2025-03-22T19:03:07.567Z",295.2136
"Medidor 2 - L9","Potencia activa L3","W",448.96420273873895,74.2797,2807.145,"2025-03-22T19:04:07.698Z",237.6007
"Medidor 2 - L9","Potencia activa L3","W",448.96420273873895,74.2797,2807.145,"2025-03-22T19:05:07.707Z",241.6024
"Medidor 2 - L9","Potencia activa L3","W",448.96420273873895,74.2797,2807.145,"2025-03-22T19:06:07.863Z",244.4607
"Medidor 2 - L9","Potencia activa L3","W",448.96420273873895,74.2797,2807.145,"2025-03-22T19:07:07.914Z",244.8197
"Medidor 2 - L9","Potencia activa L3","W",448.96420273873895,74.2797,2807.145,"2025-03-22T19:08:08.061Z",244.8438
"Medidor 2 - L9","Potencia activa L3","W",448.96420273873895,74.2797,2807.145,"2025-03-22T19:09:08.088Z",246.7292
"Medidor 2 - L9","Potencia activa L3","W",448.96420273873895,74.2797,2807.145,"2025-03-22T19:10:08.113Z",244.0514
"Medidor 2 - L9","Potencia activa L3","W",448.96420273873895,74.2797,2807.145,"2025-03-22T19:11:08.196Z",245.0763
"Medidor 2 - L9","Potencia activa L3","W",448.96420273873895,74.2797,2807.145,"2025-03-22T19:12:08.328Z",244.7827
"Medidor 2 - L9","Potencia activa L3","W",448.96420273873895,74.2797,2807.145,"2025-03-22T19:13:08.392Z",245.5023
"Medidor 2 - L9","Potencia activa L3","W",448.96420273873895,74.2797,2807.145,"2025-03-22T19:14:08.551Z",249.2114
"Medidor 2 - L9","Potencia activa L3","W",448.96420273873895,74.2797,2807.145,"2025-03-22T19:15:08.615Z",249.3895
"Medidor 2 - L9","Potencia activa L3","W",448.96420273873895,74.2797,2807.145,"2025-03-22T19:16:08.598Z",246.6374
"Medidor 2 - L9","Potencia activa L3","W",448.96420273873895,74.2797,2807.145,"2025-03-22T19:17:08.815Z",249.0196
"Medidor 2 - L9","Potencia activa L3","W",448.96420273873895,74.2797,2807.145,"2025-03-22T19:18:08.891Z",260.8789
"Medidor 2 - L9","Potencia activa L3","W",448.96420273873895,74.2797,2807.145,"2025-03-22T19:19:08.945Z",477.4043
"Medidor 2 - L9","Potencia activa L3","W",448.96420273873895,74.2797,2807.145,"2025-03-22T19:20:09.079Z",477.5406
"Medidor 2 - L9","Potencia activa L3","W",448.96420273873895,74.2797,2807.145,"2025-03-22T19:21:09.181Z",250.3999
"Medidor 2 - L9","Potencia activa L3","W",448.96420273873895,74.2797,2807.145,"2025-03-22T19:22:09.281Z",251.6857
"Medidor 2 - L9","Potencia activa L3","W",448.96420273873895,74.2797,2807.145,"2025-03-22T19:23:09.385Z",248.6958
"Medidor 2 - L9","Potencia activa L3","W",448.96420273873895,74.2797,2807.145,"2025-03-22T19:24:09.468Z",248.4212
"Medidor 2 - L9","Potencia activa L3","W",448.96420273873895,74.2797,2807.145,"2025-03-22T19:25:09.536Z",249.1054
"Medidor 2 - L9","Potencia activa L3","W",448.96420273873895,74.2797,2807.145,"2025-03-22T19:26:09.584Z",248.7283
"Medidor 2 - L9","Potencia activa L3","W",448.96420273873895,74.2797,2807.145,"2025-03-22T19:27:09.661Z",248.9712
"Medidor 2 - L9","Potencia activa L3","W",448.96420273873895,74.2797,2807.145,"2025-03-22T19:28:09.745Z",241.1024
"Medidor 2 - L9","Potencia activa L3","W",448.96420273873895,74.2797,2807.145,"2025-03-22T19:29:09.896Z",252.1389
"Medidor 2 - L9","Potencia activa L3","W",448.96420273873895,74.2797,2807.145,"2025-03-22T19:30:09.947Z",255.0294
"Medidor 2 - L9","Potencia activa L3","W",448.96420273873895,74.2797,2807.145,"2025-03-22T19:31:10.011Z",251.8919
"Medidor 2 - L9","Potencia activa L3","W",448.96420273873895,74.2797,2807.145,"2025-03-22T19:32:10.126Z",253.5838
"Medidor 2 - L9","Potencia activa L3","W",448.96420273873895,74.2797,2807.145,"2025-03-22T19:33:10.229Z",251.8227
"Medidor 2 - L9","Potencia activa L3","W",448.96420273873895,74.2797,2807.145,"2025-03-22T19:34:10.333Z",250.427
"Medidor 2 - L9","Potencia activa L3","W",448.96420273873895,74.2797,2807.145,"2025-03-22T19:35:10.447Z",250.2731
"Medidor 2 - L9","Potencia activa L3","W",448.96420273873895,74.2797,2807.145,"2025-03-22T19:36:10.561Z",250.6806
"Medidor 2 - L9","Potencia activa L3","W",448.96420273873895,74.2797,2807.145,"2025-03-22T19:37:10.646Z",250.891
"Medidor 2 - L9","Potencia activa L3","W",448.96420273873895,74.2797,2807.145,"2025-03-22T19:38:10.726Z",249.9541
"Medidor 2 - L9","Potencia activa L3","W",448.96420273873895,74.2797,2807.145,"2025-03-22T19:39:10.807Z",257.1191
"Medidor 2 - L9","Potencia activa L3","W",448.96420273873895,74.2797,2807.145,"2025-03-22T19:40:10.883Z",257.2421
"Medidor 2 - L9","Potencia activa L3","W",448.96420273873895,74.2797,2807.145,"2025-03-22T19:41:11.013Z",259.1385
"Medidor 2 - L9","Potencia activa L3","W",448.96420273873895,74.2797,2807.145,"2025-03-22T19:42:11.059Z",248.7899
"Medidor 2 - L9","Potencia activa L3","W",448.96420273873895,74.2797,2807.145,"2025-03-22T19:43:11.204Z",246.8857
"Medidor 2 - L9","Potencia activa L3","W",448.96420273873895,74.2797,2807.145,"2025-03-22T19:44:11.271Z",247.7887
"Medidor 2 - L9","Potencia activa L3","W",448.96420273873895,74.2797,2807.145,"2025-03-22T19:45:11.347Z",247.577
"Medidor 2 - L9","Potencia activa L3","W",448.96420273873895,74.2797,2807.145,"2025-03-22T19:46:11.421Z",250.4069
"Medidor 2 - L9","Potencia activa L3","W",448.96420273873895,74.2797,2807.145,"2025-03-22T19:47:11.528Z",250.4021
"Medidor 2 - L9","Potencia activa L3","W",448.96420273873895,74.2797,2807.145,"2025-03-22T19:48:11.614Z",244.6392
"Medidor 2 - L9","Potencia activa L3","W",448.96420273873895,74.2797,2807.145,"2025-03-22T19:49:11.700Z",247.0969
"Medidor 2 - L9","Potencia activa L3","W",448.96420273873895,74.2797,2807.145,"2025-03-22T19:50:11.773Z",146.1229
"Medidor 2 - L9","Potencia activa L3","W",448.96420273873895,74.2797,2807.145,"2025-03-22T19:51:11.861Z",134.6703
"Medidor 2 - L9","Potencia activa L3","W",448.96420273873895,74.2797,2807.145,"2025-03-22T19:52:11.946Z",146.1694
"Medidor 2 - L9","Potencia activa L3","W",448.96420273873895,74.2797,2807.145,"2025-03-22T19:53:11.960Z",152.0489
"Medidor 2 - L9","Potencia activa L3","W",448.96420273873895,74.2797,2807.145,"2025-03-22T19:54:12.113Z",145.836
"Medidor 2 - L9","Potencia activa L3","W",448.96420273873895,74.2797,2807.145,"2025-03-22T19:55:12.182Z",146.2988
"Medidor 2 - L9","Potencia activa L3","W",448.96420273873895,74.2797,2807.145,"2025-03-22T19:56:12.234Z",145.6906
"Medidor 2 - L9","Potencia activa L3","W",448.96420273873895,74.2797,2807.145,"2025-03-22T19:57:12.313Z",145.9085
"Medidor 2 - L9","Potencia activa L3","W",448.96420273873895,74.2797,2807.145,"2025-03-22T19:58:12.413Z",144.7831
"Medidor 2 - L9","Potencia activa L3","W",448.96420273873895,74.2797,2807.145,"2025-03-22T19:59:12.506Z",363.7415
"Medidor 2 - L9","Potencia activa L3","W",448.96420273873895,74.2797,2807.145,"2025-03-22T20:00:12.575Z",373.5582
"Medidor 2 - L9","Potencia activa L3","W",448.96420273873895,74.2797,2807.145,"2025-03-22T20:01:12.635Z",157.0457
"Medidor 2 - L9","Potencia activa L3","W",448.96420273873895,74.2797,2807.145,"2025-03-22T20:02:12.741Z",155.945
"Medidor 2 - L9","Potencia activa L3","W",448.96420273873895,74.2797,2807.145,"2025-03-22T20:03:12.840Z",147.2058
"Medidor 2 - L9","Potencia activa L3","W",448.96420273873895,74.2797,2807.145,"2025-03-22T20:04:12.867Z",148.5978
"Medidor 2 - L9","Potencia activa L3","W",448.96420273873895,74.2797,2807.145,"2025-03-22T20:05:12.948Z",147.7965
"Medidor 2 - L9","Potencia activa L3","W",448.96420273873895,74.2797,2807.145,"2025-03-22T20:06:13.040Z",147.6299
"Medidor 2 - L9","Potencia activa L3","W",448.96420273873895,74.2797,2807.145,"2025-03-22T20:07:13.140Z",147.9725
"Medidor 2 - L9","Potencia activa L3","W",448.96420273873895,74.2797,2807.145,"2025-03-22T20:08:13.197Z",149.442
"Medidor 2 - L9","Potencia activa L3","W",448.96420273873895,74.2797,2807.145,"2025-03-22T20:09:13.307Z",112.0354
"Medidor 2 - L9","Potencia activa L3","W",448.96420273873895,74.2797,2807.145,"2025-03-22T20:10:13.443Z",107.3159
"Medidor 2 - L9","Potencia activa L3","W",448.96420273873895,74.2797,2807.145,"2025-03-22T20:11:13.539Z",106.9557
"Medidor 2 - L9","Potencia activa L3","W",448.96420273873895,74.2797,2807.145,"2025-03-22T20:12:13.586Z",105.2227
"Medidor 2 - L9","Potencia activa L3","W",448.96420273873895,74.2797,2807.145,"2025-03-22T20:13:13.697Z",106.8687
"Medidor 2 - L9","Potencia activa L3","W",448.96420273873895,74.2797,2807.145,"2025-03-22T20:14:13.754Z",105.8624
"Medidor 2 - L9","Potencia activa L3","W",448.96420273873895,74.2797,2807.145,"2025-03-22T20:15:13.822Z",106.6009
"Medidor 2 - L9","Potencia activa L3","W",448.96420273873895,74.2797,2807.145,"2025-03-22T20:16:13.935Z",98.2122
"Medidor 2 - L9","Potencia activa L3","W",448.96420273873895,74.2797,2807.145,"2025-03-22T20:17:14.019Z",109.1675
"Medidor 2 - L9","Potencia activa L3","W",448.96420273873895,74.2797,2807.145,"2025-03-22T20:18:14.109Z",111.149
"Medidor 2 - L9","Potencia activa L3","W",448.96420273873895,74.2797,2807.145,"2025-03-22T20:19:14.240Z",108.8524
"Medidor 2 - L9","Potencia activa L3","W",448.96420273873895,74.2797,2807.145,"2025-03-22T20:20:14.313Z",109.8765
"Medidor 2 - L9","Potencia activa L3","W",448.96420273873895,74.2797,2807.145,"2025-03-22T20:21:14.394Z",121.7943
"Medidor 2 - L9","Potencia activa L3","W",448.96420273873895,74.2797,2807.145,"2025-03-22T20:22:14.514Z",118.1917
"Medidor 2 - L9","Potencia activa L3","W",448.96420273873895,74.2797,2807.145,"2025-03-22T20:23:14.560Z",123.61
"Medidor 2 - L9","Potencia activa L3","W",448.96420273873895,74.2797,2807.145,"2025-03-22T20:24:14.632Z",111.4915
"Medidor 2 - L9","Potencia activa L3","W",448.96420273873895,74.2797,2807.145,"2025-03-22T20:25:14.786Z",106.8926
"Medidor 2 - L9","Potencia activa L3","W",448.96420273873895,74.2797,2807.145,"2025-03-22T20:26:14.903Z",110.1068
"Medidor 2 - L9","Potencia activa L3","W",448.96420273873895,74.2797,2807.145,"2025-03-22T20:27:15.025Z",108.6073
"Medidor 2 - L9","Potencia activa L3","W",448.96420273873895,74.2797,2807.145,"2025-03-22T20:28:15.055Z",106.1134
"Medidor 2 - L9","Potencia activa L3","W",448.96420273873895,74.2797,2807.145,"2025-03-22T20:29:15.122Z",107.9112
"Medidor 2 - L9","Potencia activa L3","W",448.96420273873895,74.2797,2807.145,"2025-03-22T20:30:15.202Z",113.3579
"Medidor 2 - L9","Potencia activa L3","W",448.96420273873895,74.2797,2807.145,"2025-03-22T20:31:15.285Z",109.8206
"Medidor 2 - L9","Potencia activa L3","W",448.96420273873895,74.2797,2807.145,"2025-03-22T20:32:15.364Z",109.81
"Medidor 2 - L9","Potencia activa L3","W",448.96420273873895,74.2797,2807.145,"2025-03-22T20:33:15.458Z",116.147
"Medidor 2 - L9","Potencia activa L3","W",448.96420273873895,74.2797,2807.145,"2025-03-22T20:34:15.589Z",112.717
"Medidor 2 - L9","Potencia activa L3","W",448.96420273873895,74.2797,2807.145,"2025-03-22T20:35:15.660Z",113.2006
"Medidor 2 - L9","Potencia activa L3","W",448.96420273873895,74.2797,2807.145,"2025-03-22T20:36:15.730Z",112.357
"Medidor 2 - L9","Potencia activa L3","W",448.96420273873895,74.2797,2807.145,"2025-03-22T20:37:15.860Z",330.0867
"Medidor 2 - L9","Potencia activa L3","W",448.96420273873895,74.2797,2807.145,"2025-03-22T20:38:16.042Z",328.9541
"Medidor 2 - L9","Potencia activa L3","W",448.96420273873895,74.2797,2807.145,"2025-03-22T20:39:16.084Z",105.5111
"Medidor 2 - L9","Potencia activa L3","W",448.96420273873895,74.2797,2807.145,"2025-03-22T20:40:16.154Z",110.8249
"Medidor 2 - L9","Potencia activa L3","W",448.96420273873895,74.2797,2807.145,"2025-03-22T20:41:16.303Z",116.6678
"Medidor 2 - L9","Potencia activa L3","W",448.96420273873895,74.2797,2807.145,"2025-03-22T20:42:16.454Z",119.9332
"Medidor 2 - L9","Potencia activa L3","W",448.96420273873895,74.2797,2807.145,"2025-03-22T20:43:16.478Z",118.7759
"Medidor 2 - L9","Potencia activa L3","W",448.96420273873895,74.2797,2807.145,"2025-03-22T20:44:16.640Z",118.4029
"Medidor 2 - L9","Potencia activa L3","W",448.96420273873895,74.2797,2807.145,"2025-03-22T20:45:16.702Z",109.691
"Medidor 2 - L9","Potencia activa L3","W",448.96420273873895,74.2797,2807.145,"2025-03-22T20:46:16.773Z",106.9558
"Medidor 2 - L9","Potencia activa L3","W",448.96420273873895,74.2797,2807.145,"2025-03-22T20:47:16.905Z",108.0046
"Medidor 2 - L9","Potencia activa L3","W",448.96420273873895,74.2797,2807.145,"2025-03-22T20:48:16.993Z",112.8083
"Medidor 2 - L9","Potencia activa L3","W",448.96420273873895,74.2797,2807.145,"2025-03-22T20:49:17.060Z",108.6659
"Medidor 2 - L9","Potencia activa L3","W",448.96420273873895,74.2797,2807.145,"2025-03-22T20:50:17.209Z",110.5778
"Medidor 2 - L9","Potencia activa L3","W",448.96420273873895,74.2797,2807.145,"2025-03-22T20:51:17.255Z",113.8361
"Medidor 2 - L9","Potencia activa L3","W",448.96420273873895,74.2797,2807.145,"2025-03-22T20:52:17.332Z",110.7607
"Medidor 2 - L9","Potencia activa L3","W",448.96420273873895,74.2797,2807.145,"2025-03-22T20:53:17.475Z",113.5124
"Medidor 2 - L9","Potencia activa L3","W",448.96420273873895,74.2797,2807.145,"2025-03-22T20:54:17.514Z",114.0409
"Medidor 2 - L9","Potencia activa L3","W",448.96420273873895,74.2797,2807.145,"2025-03-22T20:55:17.550Z",113.7119
"Medidor 2 - L9","Potencia activa L3","W",448.96420273873895,74.2797,2807.145,"2025-03-22T20:56:17.652Z",113.9446
"Medidor 2 - L9","Potencia activa L3","W",448.96420273873895,74.2797,2807.145,"2025-03-22T20:57:17.779Z",114.4221
"Medidor 2 - L9","Potencia activa L3","W",448.96420273873895,74.2797,2807.145,"2025-03-22T20:58:17.813Z",112.0522
"Medidor 2 - L9","Potencia activa L3","W",448.96420273873895,74.2797,2807.145,"2025-03-22T20:59:17.937Z",112.5351
"Medidor 2 - L9","Potencia activa L3","W",448.96420273873895,74.2797,2807.145,"2025-03-22T21:00:17.979Z",111.3624
"Medidor 2 - L9","Potencia activa L3","W",448.96420273873895,74.2797,2807.145,"2025-03-22T21:01:18.096Z",109.4614
"Medidor 2 - L9","Potencia activa L3","W",448.96420273873895,74.2797,2807.145,"2025-03-22T21:02:18.206Z",112.5953
"Medidor 2 - L9","Potencia activa L3","W",448.96420273873895,74.2797,2807.145,"2025-03-22T21:03:18.282Z",114.7378
"Medidor 2 - L9","Potencia activa L3","W",448.96420273873895,74.2797,2807.145,"2025-03-22T21:04:18.351Z",119.542
"Medidor 2 - L9","Potencia activa L3","W",448.96420273873895,74.2797,2807.145,"2025-03-22T21:05:18.448Z",112.1971
"Medidor 2 - L9","Potencia activa L3","W",448.96420273873895,74.2797,2807.145,"2025-03-22T21:06:18.447Z",115.615
"Medidor 2 - L9","Potencia activa L3","W",448.96420273873895,74.2797,2807.145,"2025-03-22T21:07:18.550Z",113.9056
"Medidor 2 - L9","Potencia activa L3","W",448.96420273873895,74.2797,2807.145,"2025-03-22T21:08:18.640Z",111.1907
"Medidor 2 - L9","Potencia activa L3","W",448.96420273873895,74.2797,2807.145,"2025-03-22T21:09:18.686Z",111.3303
"Medidor 2 - L9","Potencia activa L3","W",448.96420273873895,74.2797,2807.145,"2025-03-22T21:10:18.857Z",110.3658
"Medidor 2 - L9","Potencia activa L3","W",448.96420273873895,74.2797,2807.145,"2025-03-22T21:11:18.921Z",109.4534
"Medidor 2 - L9","Potencia activa L3","W",448.96420273873895,74.2797,2807.145,"2025-03-22T21:12:18.986Z",115.7804
"Medidor 2 - L9","Potencia activa L3","W",448.96420273873895,74.2797,2807.145,"2025-03-22T21:13:19.074Z",111.5193
"Medidor 2 - L9","Potencia activa L3","W",448.96420273873895,74.2797,2807.145,"2025-03-22T21:14:19.179Z",325.8551
"Medidor 2 - L9","Potencia activa L3","W",448.96420273873895,74.2797,2807.145,"2025-03-22T21:15:19.179Z",325.0369
"Medidor 2 - L9","Potencia activa L3","W",448.96420273873895,74.2797,2807.145,"2025-03-22T21:16:19.234Z",109.4367
"Medidor 2 - L9","Potencia activa L3","W",448.96420273873895,74.2797,2807.145,"2025-03-22T21:17:19.311Z",109.6676
"Medidor 2 - L9","Potencia activa L3","W",448.96420273873895,74.2797,2807.145,"2025-03-22T21:18:19.428Z",108.4558
"Medidor 2 - L9","Potencia activa L3","W",448.96420273873895,74.2797,2807.145,"2025-03-22T21:19:19.492Z",107.4409
"Medidor 2 - L9","Potencia activa L3","W",448.96420273873895,74.2797,2807.145,"2025-03-22T21:20:19.575Z",110.457
"Medidor 2 - L9","Potencia activa L3","W",448.96420273873895,74.2797,2807.145,"2025-03-22T21:21:19.602Z",109.6506
"Medidor 2 - L9","Potencia activa L3","W",448.96420273873895,74.2797,2807.145,"2025-03-22T21:22:19.734Z",109.9689
"Medidor 2 - L9","Potencia activa L3","W",448.96420273873895,74.2797,2807.145,"2025-03-22T21:23:19.792Z",118.5943
"Medidor 2 - L9","Potencia activa L3","W",448.96420273873895,74.2797,2807.145,"2025-03-22T21:24:19.897Z",121.0165
"Medidor 2 - L9","Potencia activa L3","W",448.96420273873895,74.2797,2807.145,"2025-03-22T21:25:19.934Z",108.0681
"Medidor 2 - L9","Potencia activa L3","W",448.96420273873895,74.2797,2807.145,"2025-03-22T21:26:20.024Z",111.2542
"Medidor 2 - L9","Potencia activa L3","W",448.96420273873895,74.2797,2807.145,"2025-03-22T21:27:20.100Z",101.5214
"Medidor 2 - L9","Potencia activa L3","W",448.96420273873895,74.2797,2807.145,"2025-03-22T21:28:20.164Z",107.8794
"Medidor 2 - L9","Potencia activa L3","W",448.96420273873895,74.2797,2807.145,"2025-03-22T21:29:20.232Z",111.9989
"Medidor 2 - L9","Potencia activa L3","W",448.96420273873895,74.2797,2807.145,"2025-03-22T21:30:20.330Z",107.8184
"Medidor 2 - L9","Potencia activa L3","W",448.96420273873895,74.2797,2807.145,"2025-03-22T21:31:20.397Z",109.4791
"Medidor 2 - L9","Potencia activa L3","W",448.96420273873895,74.2797,2807.145,"2025-03-22T21:32:20.469Z",106.5117
"Medidor 2 - L9","Potencia activa L3","W",448.96420273873895,74.2797,2807.145,"2025-03-22T21:33:20.546Z",109.3837
"Medidor 2 - L9","Potencia activa L3","W",448.96420273873895,74.2797,2807.145,"2025-03-22T21:34:20.614Z",105.3957
"Medidor 2 - L9","Potencia activa L3","W",448.96420273873895,74.2797,2807.145,"2025-03-22T21:35:20.678Z",105.144
"Medidor 2 - L9","Potencia activa L3","W",448.96420273873895,74.2797,2807.145,"2025-03-22T21:36:20.840Z",109.6018
"Medidor 2 - L9","Potencia activa L3","W",448.96420273873895,74.2797,2807.145,"2025-03-22T21:37:20.921Z",107.8001
"Medidor 2 - L9","Potencia activa L3","W",448.96420273873895,74.2797,2807.145,"2025-03-22T21:38:21.033Z",109.412
"Medidor 2 - L9","Potencia activa L3","W",448.96420273873895,74.2797,2807.145,"2025-03-22T21:39:21.103Z",108.072
"Medidor 2 - L9","Potencia activa L3","W",448.96420273873895,74.2797,2807.145,"2025-03-22T21:40:21.115Z",110.2186
"Medidor 2 - L9","Potencia activa L3","W",448.96420273873895,74.2797,2807.145,"2025-03-22T21:41:21.230Z",107.5977
"Medidor 2 - L9","Potencia activa L3","W",448.96420273873895,74.2797,2807.145,"2025-03-22T21:42:21.238Z",109.3862
"Medidor 2 - L9","Potencia activa L3","W",448.96420273873895,74.2797,2807.145,"2025-03-22T21:43:21.374Z",117.8034
"Medidor 2 - L9","Potencia activa L3","W",448.96420273873895,74.2797,2807.145,"2025-03-22T21:44:21.412Z",116.4582
"Medidor 2 - L9","Potencia activa L3","W",448.96420273873895,74.2797,2807.145,"2025-03-22T21:45:21.519Z",118.215
"Medidor 2 - L9","Potencia activa L3","W",448.96420273873895,74.2797,2807.145,"2025-03-22T21:46:21.553Z",108.1361
"Medidor 2 - L9","Potencia activa L3","W",448.96420273873895,74.2797,2807.145,"2025-03-22T21:47:21.676Z",106.3126
"Medidor 2 - L9","Potencia activa L3","W",448.96420273873895,74.2797,2807.145,"2025-03-22T21:48:21.710Z",108.7911
"Medidor 2 - L9","Potencia activa L3","W",448.96420273873895,74.2797,2807.145,"2025-03-22T21:49:21.771Z",109.7057
"Medidor 2 - L9","Potencia activa L3","W",448.96420273873895,74.2797,2807.145,"2025-03-22T21:50:21.915Z",108.0882
"Medidor 2 - L9","Potencia activa L3","W",448.96420273873895,74.2797,2807.145,"2025-03-22T21:51:21.969Z",324.6706
"Medidor 2 - L9","Potencia activa L3","W",448.96420273873895,74.2797,2807.145,"2025-03-22T21:52:22.059Z",313.519
"Medidor 2 - L9","Potencia activa L3","W",448.96420273873895,74.2797,2807.145,"2025-03-22T21:53:22.144Z",110.57
"Medidor 2 - L9","Potencia activa L3","W",448.96420273873895,74.2797,2807.145,"2025-03-22T21:54:22.231Z",116.989
"Medidor 2 - L9","Potencia activa L3","W",448.96420273873895,74.2797,2807.145,"2025-03-22T21:55:22.356Z",110.9089
"Medidor 2 - L9","Potencia activa L3","W",448.96420273873895,74.2797,2807.145,"2025-03-22T21:56:22.470Z",112.0565
"Medidor 2 - L9","Potencia activa L3","W",448.96420273873895,74.2797,2807.145,"2025-03-22T21:57:22.511Z",111.9923
"Medidor 2 - L9","Potencia activa L3","W",448.96420273873895,74.2797,2807.145,"2025-03-22T21:58:22.593Z",111.0922
"Medidor 2 - L9","Potencia activa L3","W",448.96420273873895,74.2797,2807.145,"2025-03-22T21:59:22.678Z",109.2831
"Medidor 2 - L9","Potencia activa L3","W",448.96420273873895,74.2797,2807.145,"2025-03-22T22:00:22.823Z",113.7598
"Medidor 2 - L9","Potencia activa L3","W",448.96420273873895,74.2797,2807.145,"2025-03-22T22:01:22.881Z",109.944
"Medidor 2 - L9","Potencia activa L3","W",448.96420273873895,74.2797,2807.145,"2025-03-22T22:02:23.005Z",152.6653
"Medidor 2 - L9","Potencia activa L3","W",448.96420273873895,74.2797,2807.145,"2025-03-22T22:03:23.094Z",151.5445
"Medidor 2 - L9","Potencia activa L3","W",448.96420273873895,74.2797,2807.145,"2025-03-22T22:04:23.142Z",146.9503
"Medidor 2 - L9","Potencia activa L3","W",448.96420273873895,74.2797,2807.145,"2025-03-22T22:05:23.227Z",148.6676
"Medidor 2 - L9","Potencia activa L3","W",448.96420273873895,74.2797,2807.145,"2025-03-22T22:06:23.334Z",141.8826
"Medidor 2 - L9","Potencia activa L3","W",448.96420273873895,74.2797,2807.145,"2025-03-22T22:07:23.490Z",142.3451
"Medidor 2 - L9","Potencia activa L3","W",448.96420273873895,74.2797,2807.145,"2025-03-22T22:08:23.584Z",140.9294
"Medidor 2 - L9","Potencia activa L3","W",448.96420273873895,74.2797,2807.145,"2025-03-22T22:09:23.620Z",144.4388
"Medidor 2 - L9","Potencia activa L3","W",448.96420273873895,74.2797,2807.145,"2025-03-22T22:10:23.723Z",145.8702
"Medidor 2 - L9","Potencia activa L3","W",448.96420273873895,74.2797,2807.145,"2025-03-22T22:11:23.782Z",147.8403
"Medidor 2 - L9","Potencia activa L3","W",448.96420273873895,74.2797,2807.145,"2025-03-22T22:12:23.863Z",145.1904
"Medidor 2 - L9","Potencia activa L3","W",448.96420273873895,74.2797,2807.145,"2025-03-22T22:13:23.958Z",142.3916
"Medidor 2 - L9","Potencia activa L3","W",448.96420273873895,74.2797,2807.145,"2025-03-22T22:14:24.052Z",147.1225
"Medidor 2 - L9","Potencia activa L3","W",448.96420273873895,74.2797,2807.145,"2025-03-22T22:15:24.149Z",145.8485
"Medidor 2 - L9","Potencia activa L3","W",448.96420273873895,74.2797,2807.145,"2025-03-22T22:16:24.253Z",145.1348
"Medidor 2 - L9","Potencia activa L3","W",448.96420273873895,74.2797,2807.145,"2025-03-22T22:17:24.347Z",151.3357
"Medidor 2 - L9","Potencia activa L3","W",448.96420273873895,74.2797,2807.145,"2025-03-22T22:18:24.444Z",144.7304
"Medidor 2 - L9","Potencia activa L3","W",448.96420273873895,74.2797,2807.145,"2025-03-22T22:19:24.496Z",147.6675
"Medidor 2 - L9","Potencia activa L3","W",448.96420273873895,74.2797,2807.145,"2025-03-22T22:20:24.659Z",143.9734
"Medidor 2 - L9","Potencia activa L3","W",448.96420273873895,74.2797,2807.145,"2025-03-22T22:21:24.737Z",146.2587
"Medidor 2 - L9","Potencia activa L3","W",448.96420273873895,74.2797,2807.145,"2025-03-22T22:22:24.829Z",143.9294
"Medidor 2 - L9","Potencia activa L3","W",448.96420273873895,74.2797,2807.145,"2025-03-22T22:23:24.816Z",144.2132
"Medidor 2 - L9","Potencia activa L3","W",448.96420273873895,74.2797,2807.145,"2025-03-22T22:24:24.895Z",153.4296
"Medidor 2 - L9","Potencia activa L3","W",448.96420273873895,74.2797,2807.145,"2025-03-22T22:25:24.992Z",151.6029
"Medidor 2 - L9","Potencia activa L3","W",448.96420273873895,74.2797,2807.145,"2025-03-22T22:26:25.043Z",147.7995
"Medidor 2 - L9","Potencia activa L3","W",448.96420273873895,74.2797,2807.145,"2025-03-22T22:27:25.147Z",147.1261
"Medidor 2 - L9","Potencia activa L3","W",448.96420273873895,74.2797,2807.145,"2025-03-22T22:28:25.244Z",147.5532
"Medidor 2 - L9","Potencia activa L3","W",448.96420273873895,74.2797,2807.145,"2025-03-22T22:29:25.367Z",148.6718
"Medidor 2 - L9","Potencia activa L3","W",448.96420273873895,74.2797,2807.145,"2025-03-22T22:30:25.503Z",367.245
"Medidor 2 - L9","Potencia activa L3","W",448.96420273873895,74.2797,2807.145,"2025-03-22T22:31:25.563Z",367.7795
"Medidor 2 - L9","Potencia activa L3","W",448.96420273873895,74.2797,2807.145,"2025-03-22T22:32:25.652Z",149.0106
"Medidor 2 - L9","Potencia activa L3","W",448.96420273873895,74.2797,2807.145,"2025-03-22T22:33:25.738Z",150.0764
"Medidor 2 - L9","Potencia activa L3","W",448.96420273873895,74.2797,2807.145,"2025-03-22T22:34:25.869Z",149.446
"Medidor 2 - L9","Potencia activa L3","W",448.96420273873895,74.2797,2807.145,"2025-03-22T22:35:25.957Z",149.1823
"Medidor 2 - L9","Potencia activa L3","W",448.96420273873895,74.2797,2807.145,"2025-03-22T22:36:26.016Z",147.5406
"Medidor 2 - L9","Potencia activa L3","W",448.96420273873895,74.2797,2807.145,"2025-03-22T22:37:26.137Z",147.0625
"Medidor 2 - L9","Potencia activa L3","W",448.96420273873895,74.2797,2807.145,"2025-03-22T22:38:26.261Z",143.1992
"Medidor 2 - L9","Potencia activa L3","W",448.96420273873895,74.2797,2807.145,"2025-03-22T22:39:26.253Z",146.3146
"Medidor 2 - L9","Potencia activa L3","W",448.96420273873895,74.2797,2807.145,"2025-03-22T22:40:26.361Z",141.9002
"Medidor 2 - L9","Potencia activa L3","W",448.96420273873895,74.2797,2807.145,"2025-03-22T22:41:26.420Z",144.2116
"Medidor 2 - L9","Potencia activa L3","W",448.96420273873895,74.2797,2807.145,"2025-03-22T22:42:26.409Z",151.7559
"Medidor 2 - L9","Potencia activa L3","W",448.96420273873895,74.2797,2807.145,"2025-03-22T22:43:26.601Z",146.1394
"Medidor 2 - L9","Potencia activa L3","W",448.96420273873895,74.2797,2807.145,"2025-03-22T22:44:26.662Z",156.9726
"Medidor 2 - L9","Potencia activa L3","W",448.96420273873895,74.2797,2807.145,"2025-03-22T22:45:26.688Z",155.578
"Medidor 2 - L9","Potencia activa L3","W",448.96420273873895,74.2797,2807.145,"2025-03-22T22:46:26.810Z",148.2148
"Medidor 2 - L9","Potencia activa L3","W",448.96420273873895,74.2797,2807.145,"2025-03-22T22:47:26.938Z",147.1098