"Device","Measurement","Unit","Average","Minimum","Maximum","Timestamp","Value"
"Medidor 1 - L9","Corriente L1","A",12.416056098175346,6.7855,32.5967,"2025-03-22T03:51:50.518Z",7.9154
"Medidor 1 - L9","Corriente L1","A",12.416056098175346,6.7855,32.5967,"2025-03-22T03:52:50.649Z",7.8304
"Medidor 1 - L9","Corriente L1","A",12.416056098175346,6.7855,32.5967,"2025-03-22T03:53:50.746Z",7.8544
"Medidor 1 - L9","Corriente L1","A",12.416056098175346,6.7855,32.5967,"2025-03-22T03:54:50.821Z",7.8616
"Medidor 1 - L9","Corriente L1","A",12.416056098175346,6.7855,32.5967,"2025-03-22T03:55:50.918Z",7.893
"Medidor 1 - L9","Corriente L1","A",12.416056098175346,6.7855,32.5967,"2025-03-22T03:56:51.004Z",10.6757
"Medidor 1 - L9","Corriente L1","A",12.416056098175346,6.7855,32.5967,"2025-03-22T03:57:51.132Z",10.9349
"Medidor 1 - L9","Corriente L1","A",12.416056098175346,6.7855,32.5967,"2025-03-22T03:58:51.241Z",12.035
"Medidor 1 - L9","Corriente L1","A",12.416056098175346,6.7855,32.5967,"2025-03-22T03:59:51.317Z",12.0136
"Medidor 1 - L9","Corriente L1","A",12.416056098175346,6.7855,32.5967,"2025-03-22T04:00:51.350Z",11.9415
"Medidor 1 - L9","Corriente L1","A",12.416056098175346,6.7855,32.5967,"2025-03-22T04:01:51.433Z",11.2516
"Medidor 1 - L9","Corriente L1","A",12.416056098175346,6.7855,32.5967,"2025-03-22T04:02:51.570Z",11.2739
"Medidor 1 - L9","Corriente L1","A",12.416056098175346,6.7855,32.5967,"2025-03-22T04:03:51.688Z",11.2341
"Medidor 1 - L9","Corriente L1","A",12.416056098175346,6.7855,32.5967,"2025-03-22T04:04:51.785Z",7.8791
"Medidor 1 - L9","Corriente L1","A",12.416056098175346,6.7855,32.5967,"2025-03-22T04:05:51.842Z",7.8972
"Medidor 1 - L9","Corriente L1","A",12.416056098175346,6.7855,32.5967,"2025-03-22T04:06:51.947Z",7.8805
"Medidor 1 - L9","Corriente L1","A",12.416056098175346,6.7855,32.5967,"2025-03-22T04:07:51.992Z",7.8691
"Medidor 1 - L9","Corriente L1","A",12.416056098175346,6.7855,32.5967,"2025-03-22T04:08:52.036Z",7.881
"Medidor 1 - L9","Corriente L1","A",12.416056098175346,6.7855,32.5967,"2025-03-22T04:09:52.132Z",7.8581
"Medidor 1 - L9","Corriente L1","A",12.416056098175346,6.7855,32.5967,"2025-03-22T04:10:52.161Z",7.8611
"Medidor 1 - L9","Corriente L1","A",12.416056098175346,6.7855,32.5967,"2025-03-22T04:11:52.301Z",11.7137
"Medidor 1 - L9","Corriente L1","A",12.416056098175346,6.7855,32.5967,"2025-03-22T04:12:52.430Z",11.5905
"Medidor 1 - L9","Corriente L1","A",12.416056098175346,6.7855,32.5967,"2025-03-22T04:13:52.502Z",11.689
"Medidor 1 - L9","Corriente L1","A",12.416056098175346,6.7855,32.5967,"2025-03-22T04:14:52.612Z",11.272
"Medidor 1 - L9","Corriente L1","A",12.416056098175346,6.7855,32.5967,"2025-03-22T04:15:52.741Z",11.2436
"Medidor 1 - L9","Corriente L1","A",12.416056098175346,6.7855,32.5967,"2025-03-22T04:16:52.838Z",11.2065
"Medidor 1 - L9","Corriente L1","A",12.416056098175346,6.7855,32.5967,"2025-03-22T04:17:52.955Z",10.5832
"Medidor 1 - L9","Corriente L1","A",12.416056098175346,6.7855,32.5967,"2025-03-22T04:18:52.921Z",7.8454
"Medidor 1 - L9","Corriente L1","A",12.416056098175346,6.7855,32.5967,"2025-03-22T04:19:53.015Z",7.8575
"Medidor 1 - L9","Corriente L1","A",12.416056098175346,6.7855,32.5967,"2025-03-22T04:20:53.107Z",7.8456
"Medidor 1 - L9","Corriente L1","A",12.416056098175346,6.7855,32.5967,"2025-03-22T04:21:53.179Z",7.8489
"Medidor 1 - L9","Corriente L1","A",12.416056098175346,6.7855,32.5967,"2025-03-22T04:22:53.316Z",7.8472
"Medidor 1 - L9","Corriente L1","A",12.416056098175346,6.7855,32.5967,"2025-03-22T04:23:53.351Z",7.9142
"Medidor 1 - L9","Corriente L1","A",12.416056098175346,6.7855,32.5967,"2025-03-22T04:24:53.428Z",8.6593
"Medidor 1 - L9","Corriente L1","A",12.416056098175346,6.7855,32.5967,"2025-03-22T04:25:53.519Z",11.6371
"Medidor 1 - L9","Corriente L1","A",12.416056098175346,6.7855,32.5967,"2025-03-22T04:26:53.614Z",11.5684
"Medidor 1 - L9","Corriente L1","A",12.416056098175346,6.7855,32.5967,"2025-03-22T04:27:53.758Z",11.3759
"Medidor 1 - L9","Corriente L1","A",12.416056098175346,6.7855,32.5967,"2025-03-22T04:28:53.800Z",11.2715
"Medidor 1 - L9","Corriente L1","A",12.416056098175346,6.7855,32.5967,"2025-03-22T04:29:53.878Z",11.2962
"Medidor 1 - L9","Corriente L1","A",12.416056098175346,6.7855,32.5967,"2025-03-22T04:30:53.975Z",10.695
"Medidor 1 - L9","Corriente L1","A",12.416056098175346,6.7855,32.5967,"2025-03-22T04:31:54.107Z",10.9173
"Medidor 1 - L9","Corriente L1","A",12.416056098175346,6.7855,32.5967,"2025-03-22T04:32:54.181Z",10.5182
"Medidor 1 - L9","Corriente L1","A",12.416056098175346,6.7855,32.5967,"2025-03-22T04:33:54.266Z",7.824
"Medidor 1 - L9","Corriente L1","A",12.416056098175346,6.7855,32.5967,"2025-03-22T04:34:54.326Z",7.865
"Medidor 1 - L9","Corriente L1","A",12.416056098175346,6.7855,32.5967,"2025-03-22T04:35:54.407Z",7.8543
"Medidor 1 - L9","Corriente L1","A",12.416056098175346,6.7855,32.5967,"2025-03-22T04:36:54.460Z",7.8224
"Medidor 1 - L9","Corriente L1","A",12.416056098175346,6.7855,32.5967,"2025-03-22T04:37:54.632Z",7.887
"Medidor 1 - L9","Corriente L1","A",12.416056098175346,6.7855,32.5967,"2025-03-22T04:38:54.637Z",8.9543
"Medidor 1 - L9","Corriente L1","A",12.416056098175346,6.7855,32.5967,"2025-03-22T04:39:54.779Z",8.9828
"Medidor 1 - L9","Corriente L1","A",12.416056098175346,6.7855,32.5967,"2025-03-22T04:40:54.870Z",11.59
"Medidor 1 - L9","Corriente L1","A",12.416056098175346,6.7855,32.5967,"2025-03-22T04:41:54.918Z",11.1388
"Medidor 1 - L9","Corriente L1","A",12.416056098175346,6.7855,32.5967,"2025-03-22T04:42:55.040Z",11.3752
"Medidor 1 - L9","Corriente L1","A",12.416056098175346,6.7855,32.5967,"2025-03-22T04:43:55.141Z",11.1016
"Medidor 1 - L9","Corriente L1","A",12.416056098175346,6.7855,32.5967,"2025-03-22T04:44:55.192Z",10.6051
"Medidor 1 - L9","Corriente L1","A",12.416056098175346,6.7855,32.5967,"2025-03-22T04:45:55.234Z",10.5413
"Medidor 1 - L9","Corriente L1","A",12.416056098175346,6.7855,32.5967,"2025-03-22T04:46:55.306Z",10.5819
"Medidor 1 - L9","Corriente L1","A",12.416056098175346,6.7855,32.5967,"2025-03-22T04:47:55.386Z",7.8769
"Medidor 1 - L9","Corriente L1","A",12.416056098175346,6.7855,32.5967,"2025-03-22T04:48:55.476Z",7.8837
"Medidor 1 - L9","Corriente L1","A",12.416056098175346,6.7855,32.5967,"2025-03-22T04:49:55.492Z",7.9148
"Medidor 1 - L9","Corriente L1","A",12.416056098175346,6.7855,32.5967,"2025-03-22T04:50:55.607Z",7.9036
"Medidor 1 - L9","Corriente L1","A",12.416056098175346,6.7855,32.5967,"2025-03-22T04:51:55.744Z",8.0506
"Medidor 1 - L9","Corriente L1","A",12.416056098175346,6.7855,32.5967,"2025-03-22T04:52:55.766Z",8.9624
"Medidor 1 - L9","Corriente L1","A",12.416056098175346,6.7855,32.5967,"2025-03-22T04:53:55.832Z",8.9536
"Medidor 1 - L9","Corriente L1","A",12.416056098175346,6.7855,32.5967,"2025-03-22T04:54:55.997Z",11.5973
"Medidor 1 - L9","Corriente L1","A",12.416056098175346,6.7855,32.5967,"2025-03-22T04:55:56.095Z",11.2451
"Medidor 1 - L9","Corriente L1","A",12.416056098175346,6.7855,32.5967,"2025-03-22T04:56:56.174Z",11.1914
"Medidor 1 - L9","Corriente L1","A",12.416056098175346,6.7855,32.5967,"2025-03-22T04:57:56.305Z",11.2396
"Medidor 1 - L9","Corriente L1","A",12.416056098175346,6.7855,32.5967,"2025-03-22T04:58:56.320Z",10.4285
"Medidor 1 - L9","Corriente L1","A",12.416056098175346,6.7855,32.5967,"2025-03-22T04:59:56.396Z",10.5585
"Medidor 1 - L9","Corriente L1","A",12.416056098175346,6.7855,32.5967,"2025-03-22T05:00:56.518Z",10.5875
"Medidor 1 - L9","Corriente L1","A",12.416056098175346,6.7855,32.5967,"2025-03-22T05:01:56.631Z",10.6931
"Medidor 1 - L9","Corriente L1","A",12.416056098175346,6.7855,32.5967,"2025-03-22T05:02:56.653Z",7.9419
"Medidor 1 - L9","Corriente L1","A",12.416056098175346,6.7855,32.5967,"2025-03-22T05:03:56.746Z",7.9179
"Medidor 1 - L9","Corriente L1","A",12.416056098175346,6.7855,32.5967,"2025-03-22T05:04:56.881Z",7.9981
"Medidor 1 - L9","Corriente L1","A",12.416056098175346,6.7855,32.5967,"2025-03-22T05:05:56.950Z",8.7544
"Medidor 1 - L9","Corriente L1","A",12.416056098175346,6.7855,32.5967,"2025-03-22T05:06:57.034Z",8.9347
"Medidor 1 - L9","Corriente L1","A",12.416056098175346,6.7855,32.5967,"2025-03-22T05:07:57.108Z",8.9576
"Medidor 1 - L9","Corriente L1","A",12.416056098175346,6.7855,32.5967,"2025-03-22T05:08:57.223Z",8.5858
"Medidor 1 - L9","Corriente L1","A",12.416056098175346,6.7855,32.5967,"2025-03-22T05:09:57.314Z",11.2667
"Medidor 1 - L9","Corriente L1","A",12.416056098175346,6.7855,32.5967,"2025-03-22T05:10:57.318Z",10.9889
"Medidor 1 - L9","Corriente L1","A",12.416056098175346,6.7855,32.5967,"2025-03-22T05:11:57.395Z",10.5734
"Medidor 1 - L9","Corriente L1","A",12.416056098175346,6.7855,32.5967,"2025-03-22T05:12:57.463Z",10.5838
"Medidor 1 - L9","Corriente L1","A",12.416056098175346,6.7855,32.5967,"2025-03-22T05:13:57.607Z",10.646
"Medidor 1 - L9","Corriente L1","A",12.416056098175346,6.7855,32.5967,"2025-03-22T05:14:57.707Z",10.6299
"Medidor 1 - L9","Corriente L1","A",12.416056098175346,6.7855,32.5967,"2025-03-22T05:15:57.785Z",10.5738
"Medidor 1 - L9","Corriente L1","A",12.416056098175346,6.7855,32.5967,"2025-03-22T05:16:57.884Z",7.958
"Medidor 1 - L9","Corriente L1","A",12.416056098175346,6.7855,32.5967,"2025-03-22T05:17:58.001Z",7.8585
"Medidor 1 - L9","Corriente L1","A",12.416056098175346,6.7855,32.5967,"2025-03-22T05:18:58.026Z",7.9286
"Medidor 1 - L9","Corriente L1","A",12.416056098175346,6.7855,32.5967,"2025-03-22T05:19:58.174Z",8.7135
"Medidor 1 - L9","Corriente L1","A",12.416056098175346,6.7855,32.5967,"2025-03-22T05:20:58.294Z",8.9269
"Medidor 1 - L9","Corriente L1","A",12.416056098175346,6.7855,32.5967,"2025-03-22T05:21:58.344Z",8.9741
"Medidor 1 - L9","Corriente L1","A",12.416056098175346,6.7855,32.5967,"2025-03-22T05:22:58.516Z",8.5643
"Medidor 1 - L9","Corriente L1","A",12.416056098175346,6.7855,32.5967,"2025-03-22T05:23:58.602Z",11.2017
"Medidor 1 - L9","Corriente L1","A",12.416056098175346,6.7855,32.5967,"2025-03-22T05:24:58.707Z",11.0177
"Medidor 1 - L9","Corriente L1","A",12.416056098175346,6.7855,32.5967,"2025-03-22T05:25:58.779Z",10.5348
"Medidor 1 - L9","Corriente L1","A",12.416056098175346,6.7855,32.5967,"2025-03-22T05:26:58.882Z",10.4978
"Medidor 1 - L9","Corriente L1","A",12.416056098175346,6.7855,32.5967,"2025-03-22T05:27:58.897Z",10.6002
"Medidor 1 - L9","Corriente L1","A",12.416056098175346,6.7855,32.5967,"2025-03-22T05:28:59.032Z",10.5766
"Medidor 1 - L9","Corriente L1","A",12.416056098175346,6.7855,32.5967,"2025-03-22T05:29:59.126Z",10.5335
"Medidor 1 - L9","Corriente L1","A",12.416056098175346,6.7855,32.5967,"2025-03-22T05:30:59.255Z",7.9169
"Medidor 1 - L9","Corriente L1","A",12.416056098175346,6.7855,32.5967,"2025-03-22T05:31:59.310Z",7.9475
"Medidor 1 - L9","Corriente L1","A",12.416056098175346,6.7855,32.5967,"2025-03-22T05:32:59.396Z",7.8704
"Medidor 1 - L9","Corriente L1","A",12.416056098175346,6.7855,32.5967,"2025-03-22T05:33:59.364Z",8.773
"Medidor 1 - L9","Corriente L1","A",12.416056098175346,6.7855,32.5967,"2025-03-22T05:34:59.570Z",8.9203
"Medidor 1 - L9","Corriente L1","A",12.416056098175346,6.7855,32.5967,"2025-03-22T05:35:59.689Z",8.9202
"Medidor 1 - L9","Corriente L1","A",12.416056098175346,6.7855,32.5967,"2025-03-22T05:36:59.776Z",8.4734
"Medidor 1 - L9","Corriente L1","A",12.416056098175346,6.7855,32.5967,"2025-03-22T05:37:59.792Z",11.0908
"Medidor 1 - L9","Corriente L1","A",12.416056098175346,6.7855,32.5967,"2025-03-22T05:38:59.943Z",11.1089
"Medidor 1 - L9","Corriente L1","A",12.416056098175346,6.7855,32.5967,"2025-03-22T05:40:00.056Z",10.6983
"Medidor 1 - L9","Corriente L1","A",12.416056098175346,6.7855,32.5967,"2025-03-22T05:41:00.087Z",10.5742
"Medidor 1 - L9","Corriente L1","A",12.416056098175346,6.7855,32.5967,"2025-03-22T05:42:00.210Z",10.6384
"Medidor 1 - L9","Corriente L1","A",12.416056098175346,6.7855,32.5967,"2025-03-22T05:43:00.336Z",10.6584
"Medidor 1 - L9","Corriente L1","A",12.416056098175346,6.7855,32.5967,"2025-03-22T05:44:00.399Z",10.7225
"Medidor 1 - L9","Corriente L1","A",12.416056098175346,6.7855,32.5967,"2025-03-22T05:45:00.500Z",10.6726
"Medidor 1 - L9","Corriente L1","A",12.416056098175346,6.7855,32.5967,"2025-03-22T05:46:00.473Z",7.9101
"Medidor 1 - L9","Corriente L1","A",12.416056098175346,6.7855,32.5967,"2025-03-22T05:47:00.667Z",7.9026
"Medidor 1 - L9","Corriente L1","A",12.416056098175346,6.7855,32.5967,"2025-03-22T05:48:00.719Z",8.5777
"Medidor 1 - L9","Corriente L1","A",12.416056098175346,6.7855,32.5967,"2025-03-22T05:49:00.836Z",8.9236
"Medidor 1 - L9","Corriente L1","A",12.416056098175346,6.7855,32.5967,"2025-03-22T05:50:00.898Z",8.9288
"Medidor 1 - L9","Corriente L1","A",12.416056098175346,6.7855,32.5967,"2025-03-22T05:51:01.010Z",8.4961
"Medidor 1 - L9","Corriente L1","A",12.416056098175346,6.7855,32.5967,"2025-03-22T05:52:01.043Z",8.5142
"Medidor 1 - L9","Corriente L1","A",12.416056098175346,6.7855,32.5967,"2025-03-22T05:53:01.196Z",11.1235
"Medidor 1 - L9","Corriente L1","A",12.416056098175346,6.7855,32.5967,"2025-03-22T05:54:01.262Z",10.5493
"Medidor 1 - L9","Corriente L1","A",12.416056098175346,6.7855,32.5967,"2025-03-22T05:55:01.316Z",10.655
"Medidor 1 - L9","Corriente L1","A",12.416056098175346,6.7855,32.5967,"2025-03-22T05:56:01.378Z",10.71
"Medidor 1 - L9","Corriente L1","A",12.416056098175346,6.7855,32.5967,"2025-03-22T05:57:01.456Z",10.7149
"Medidor 1 - L9","Corriente L1","A",12.416056098175346,6.7855,32.5967,"2025-03-22T05:58:01.581Z",10.5513
"Medidor 1 - L9","Corriente L1","A",12.416056098175346,6.7855,32.5967,"2025-03-22T05:59:01.647Z",10.5622
"Medidor 1 - L9","Corriente L1","A",12.416056098175346,6.7855,32.5967,"2025-03-22T06:00:01.757Z",7.9353
"Medidor 1 - L9","Corriente L1","A",12.416056098175346,6.7855,32.5967,"2025-03-22T06:01:01.786Z",7.86
"Medidor 1 - L9","Corriente L1","A",12.416056098175346,6.7855,32.5967,"2025-03-22T06:02:01.925Z",8.317
"Medidor 1 - L9","Corriente L1","A",12.416056098175346,6.7855,32.5967,"2025-03-22T06:03:01.968Z",8.936
"Medidor 1 - L9","Corriente L1","A",12.416056098175346,6.7855,32.5967,"2025-03-22T06:04:02.034Z",8.9626
"Medidor 1 - L9","Corriente L1","A",12.416056098175346,6.7855,32.5967,"2025-03-22T06:05:02.121Z",8.6248
"Medidor 1 - L9","Corriente L1","A",12.416056098175346,6.7855,32.5967,"2025-03-22T06:06:02.261Z",8.5801
"Medidor 1 - L9","Corriente L1","A",12.416056098175346,6.7855,32.5967,"2025-03-22T06:07:02.353Z",11.0437
"Medidor 1 - L9","Corriente L1","A",12.416056098175346,6.7855,32.5967,"2025-03-22T06:08:02.377Z",10.714
"Medidor 1 - L9","Corriente L1","A",12.416056098175346,6.7855,32.5967,"2025-03-22T06:09:02.474Z",10.514
"Medidor 1 - L9","Corriente L1","A",12.416056098175346,6.7855,32.5967,"2025-03-22T06:10:02.564Z",11.1207
"Medidor 1 - L9","Corriente L1","A",12.416056098175346,6.7855,32.5967,"2025-03-22T06:11:02.657Z",10.5663
"Medidor 1 - L9","Corriente L1","A",12.416056098175346,6.7855,32.5967,"2025-03-22T06:12:02.704Z",10.5318
"Medidor 1 - L9","Corriente L1","A",12.416056098175346,6.7855,32.5967,"2025-03-22T06:13:02.803Z",10.5256
"Medidor 1 - L9","Corriente L1","A",12.416056098175346,6.7855,32.5967,"2025-03-22T06:14:02.874Z",10.6386
"Medidor 1 - L9","Corriente L1","A",12.416056098175346,6.7855,32.5967,"2025-03-22T06:15:02.938Z",8.068
"Medidor 1 - L9","Corriente L1","A",12.416056098175346,6.7855,32.5967,"2025-03-22T06:16:03.064Z",8.1968
"Medidor 1 - L9","Corriente L1","A",12.416056098175346,6.7855,32.5967,"2025-03-22T06:17:03.175Z",8.9323
"Medidor 1 - L9","Corriente L1","A",12.416056098175346,6.7855,32.5967,"2025-03-22T06:18:03.238Z",8.9773
"Medidor 1 - L9","Corriente L1","A",12.416056098175346,6.7855,32.5967,"2025-03-22T06:19:03.396Z",8.9711
"Medidor 1 - L9","Corriente L1","A",12.416056098175346,6.7855,32.5967,"2025-03-22T06:20:03.405Z",8.495
"Medidor 1 - L9","Corriente L1","A",12.416056098175346,6.7855,32.5967,"2025-03-22T06:21:03.578Z",8.5037
"Medidor 1 - L9","Corriente L1","A",12.416056098175346,6.7855,32.5967,"2025-03-22T06:22:03.566Z",10.6472
"Medidor 1 - L9","Corriente L1","A",12.416056098175346,6.7855,32.5967,"2025-03-22T06:23:03.652Z",10.4854
"Medidor 1 - L9","Corriente L1","A",12.416056098175346,6.7855,32.5967,"2025-03-22T06:24:03.680Z",10.4505
"Medidor 1 - L9","Corriente L1","A",12.416056098175346,6.7855,32.5967,"2025-03-22T06:25:03.858Z",10.5659
"Medidor 1 - L9","Corriente L1","A",12.416056098175346,6.7855,32.5967,"2025-03-22T06:26:03.934Z",10.6075
"Medidor 1 - L9","Corriente L1","A",12.416056098175346,6.7855,32.5967,"2025-03-22T06:27:04.117Z",10.5772
"Medidor 1 - L9","Corriente L1","A",12.416056098175346,6.7855,32.5967,"2025-03-22T06:28:04.163Z",10.5688
"Medidor 1 - L9","Corriente L1","A",12.416056098175346,6.7855,32.5967,"2025-03-22T06:29:04.222Z",7.9261
"Medidor 1 - L9","Corriente L1","A",12.416056098175346,6.7855,32.5967,"2025-03-22T06:30:04.285Z",7.9127
"Medidor 1 - L9","Corriente L1","A",12.416056098175346,6.7855,32.5967,"2025-03-22T06:31:04.462Z",8.9996
"Medidor 1 - L9","Corriente L1","A",12.416056098175346,6.7855,32.5967,"2025-03-22T06:32:04.527Z",9.005
"Medidor 1 - L9","Corriente L1","A",12.416056098175346,6.7855,32.5967,"2025-03-22T06:33:04.613Z",8.9739
"Medidor 1 - L9","Corriente L1","A",12.416056098175346,6.7855,32.5967,"2025-03-22T06:34:04.767Z",8.5199
"Medidor 1 - L9","Corriente L1","A",12.416056098175346,6.7855,32.5967,"2025-03-22T06:35:04.879Z",8.4967
"Medidor 1 - L9","Corriente L1","A",12.416056098175346,6.7855,32.5967,"2025-03-22T06:36:04.932Z",8.5324
"Medidor 1 - L9","Corriente L1","A",12.416056098175346,6.7855,32.5967,"2025-03-22T06:37:05.072Z",10.4988
"Medidor 1 - L9","Corriente L1","A",12.416056098175346,6.7855,32.5967,"2025-03-22T06:38:05.097Z",10.5373
"Medidor 1 - L9","Corriente L1","A",12.416056098175346,6.7855,32.5967,"2025-03-22T06:39:05.214Z",10.6052
"Medidor 1 - L9","Corriente L1","A",12.416056098175346,6.7855,32.5967,"2025-03-22T06:40:05.306Z",10.6427
"Medidor 1 - L9","Corriente L1","A",12.416056098175346,6.7855,32.5967,"2025-03-22T06:41:05.345Z",10.6781
"Medidor 1 - L9","Corriente L1","A",12.416056098175346,6.7855,32.5967,"2025-03-22T06:42:05.457Z",10.6457
"Medidor 1 - L9","Corriente L1","A",12.416056098175346,6.7855,32.5967,"2025-03-22T06:43:05.525Z",10.5312
"Medidor 1 - L9","Corriente L1","A",12.416056098175346,6.7855,32.5967,"2025-03-22T06:44:05.583Z",7.9048
"Medidor 1 - L9","Corriente L1","A",12.416056098175346,6.7855,32.5967,"2025-03-22T06:45:05.628Z",8.5069
"Medidor 1 - L9","Corriente L1","A",12.416056098175346,6.7855,32.5967,"2025-03-22T06:46:05.727Z",8.9504
"Medidor 1 - L9","Corriente L1","A",12.416056098175346,6.7855,32.5967,"2025-03-22T06:47:05.776Z",8.9142
"Medidor 1 - L9","Corriente L1","A",12.416056098175346,6.7855,32.5967,"2025-03-22T06:48:05.837Z",8.5229
"Medidor 1 - L9","Corriente L1","A",12.416056098175346,6.7855,32.5967,"2025-03-22T06:49:05.908Z",8.4809
"Medidor 1 - L9","Corriente L1","A",12.416056098175346,6.7855,32.5967,"2025-03-22T06:50:06.050Z",8.4516
"Medidor 1 - L9","Corriente L1","A",12.416056098175346,6.7855,32.5967,"2025-03-22T06:51:06.129Z",10.3092
"Medidor 1 - L9","Corriente L1","A",12.416056098175346,6.7855,32.5967,"2025-03-22T06:52:06.238Z",10.4701
"Medidor 1 - L9","Corriente L1","A",12.416056098175346,6.7855,32.5967,"2025-03-22T06:53:06.286Z",10.5936
"Medidor 1 - L9","Corriente L1","A",12.416056098175346,6.7855,32.5967,"2025-03-22T06:54:06.369Z",10.5335
"Medidor 1 - L9","Corriente L1","A",12.416056098175346,6.7855,32.5967,"2025-03-22T06:55:06.468Z",10.5065
"Medidor 1 - L9","Corriente L1","A",12.416056098175346,6.7855,32.5967,"2025-03-22T06:56:06.484Z",10.5407
"Medidor 1 - L9","Corriente L1","A",12.416056098175346,6.7855,32.5967,"2025-03-22T06:57:06.572Z",10.5059
"Medidor 1 - L9","Corriente L1","A",12.416056098175346,6.7855,32.5967,"2025-03-22T06:58:06.673Z",7.9135
"Medidor 1 - L9","Corriente L1","A",12.416056098175346,6.7855,32.5967,"2025-03-22T06:59:06.780Z",7.9031
"Medidor 1 - L9","Corriente L1","A",12.416056098175346,6.7855,32.5967,"2025-03-22T07:00:06.835Z",8.9994
"Medidor 1 - L9","Corriente L1","A",12.416056098175346,6.7855,32.5967,"2025-03-22T07:01:06.958Z",9.0021
"Medidor 1 - L9","Corriente L1","A",12.416056098175346,6.7855,32.5967,"2025-03-22T07:02:07.080Z",8.9294
"Medidor 1 - L9","Corriente L1","A",12.416056098175346,6.7855,32.5967,"2025-03-22T07:03:07.152Z",8.5696
"Medidor 1 - L9","Corriente L1","A",12.416056098175346,6.7855,32.5967,"2025-03-22T07:04:07.262Z",8.5622
"Medidor 1 - L9","Corriente L1","A",12.416056098175346,6.7855,32.5967,"2025-03-22T07:05:07.329Z",8.5403
"Medidor 1 - L9","Corriente L1","A",12.416056098175346,6.7855,32.5967,"2025-03-22T07:06:07.428Z",10.8416
"Medidor 1 - L9","Corriente L1","A",12.416056098175346,6.7855,32.5967,"2025-03-22T07:07:07.528Z",10.4965
"Medidor 1 - L9","Corriente L1","A",12.416056098175346,6.7855,32.5967,"2025-03-22T07:08:07.579Z",10.55
"Medidor 1 - L9","Corriente L1","A",12.416056098175346,6.7855,32.5967,"2025-03-22T07:09:07.614Z",10.5659
"Medidor 1 - L9","Corriente L1","A",12.416056098175346,6.7855,32.5967,"2025-03-22T07:10:07.613Z",10.5518
"Medidor 1 - L9","Corriente L1","A",12.416056098175346,6.7855,32.5967,"2025-03-22T07:11:07.748Z",10.6587
"Medidor 1 - L9","Corriente L1","A",12.416056098175346,6.7855,32.5967,"2025-03-22T07:12:07.812Z",10.5705
"Medidor 1 - L9","Corriente L1","A",12.416056098175346,6.7855,32.5967,"2025-03-22T07:13:07.874Z",7.9338
"Medidor 1 - L9","Corriente L1","A",12.416056098175346,6.7855,32.5967,"2025-03-22T07:14:07.999Z",8.243
"Medidor 1 - L9","Corriente L1","A",12.416056098175346,6.7855,32.5967,"2025-03-22T07:15:08.048Z",8.9974
"Medidor 1 - L9","Corriente L1","A",12.416056098175346,6.7855,32.5967,"2025-03-22T07:16:08.167Z",8.9762
"Medidor 1 - L9","Corriente L1","A",12.416056098175346,6.7855,32.5967,"2025-03-22T07:17:08.238Z",8.8401
"Medidor 1 - L9","Corriente L1","A",12.416056098175346,6.7855,32.5967,"2025-03-22T07:18:08.331Z",8.5046
"Medidor 1 - L9","Corriente L1","A",12.416056098175346,6.7855,32.5967,"2025-03-22T07:19:08.394Z",8.5231
"Medidor 1 - L9","Corriente L1","A",12.416056098175346,6.7855,32.5967,"2025-03-22T07:20:08.538Z",10.5277
"Medidor 1 - L9","Corriente L1","A",12.416056098175346,6.7855,32.5967,"2025-03-22T07:21:08.607Z",10.5586
"Medidor 1 - L9","Corriente L1","A",12.416056098175346,6.7855,32.5967,"2025-03-22T07:22:08.660Z",10.3746
"Medidor 1 - L9","Corriente L1","A",12.416056098175346,6.7855,32.5967,"2025-03-22T07:23:08.742Z",10.5035
"Medidor 1 - L9","Corriente L1","A",12.416056098175346,6.7855,32.5967,"2025-03-22T07:24:08.814Z",10.4687
"Medidor 1 - L9","Corriente L1","A",12.416056098175346,6.7855,32.5967,"2025-03-22T07:25:08.861Z",10.5628
"Medidor 1 - L9","Corriente L1","A",12.416056098175346,6.7855,32.5967,"2025-03-22T07:26:08.970Z",10.6237
"Medidor 1 - L9","Corriente L1","A",12.416056098175346,6.7855,32.5967,"2025-03-22T07:27:08.987Z",7.9721
"Medidor 1 - L9","Corriente L1","A",12.416056098175346,6.7855,32.5967,"2025-03-22T07:28:09.139Z",7.9439
"Medidor 1 - L9","Corriente L1","A",12.416056098175346,6.7855,32.5967,"2025-03-22T07:29:09.205Z",8.1264
"Medidor 1 - L9","Corriente L1","A",12.416056098175346,6.7855,32.5967,"2025-03-22T07:30:09.270Z",8.9517
"Medidor 1 - L9","Corriente L1","A",12.416056098175346,6.7855,32.5967,"2025-03-22T07:31:09.447Z",8.9364
"Medidor 1 - L9","Corriente L1","A",12.416056098175346,6.7855,32.5967,"2025-03-22T07:32:09.492Z",8.8074
"Medidor 1 - L9","Corriente L1","A",12.416056098175346,6.7855,32.5967,"2025-03-22T07:33:09.596Z",8.5015
"Medidor 1 - L9","Corriente L1","A",12.416056098175346,6.7855,32.5967,"2025-03-22T07:34:09.622Z",8.4667
"Medidor 1 - L9","Corriente L1","A",12.416056098175346,6.7855,32.5967,"2025-03-22T07:35:09.733Z",10.5649
"Medidor 1 - L9","Corriente L1","A",12.416056098175346,6.7855,32.5967,"2025-03-22T07:36:09.816Z",10.3514
"Medidor 1 - L9","Corriente L1","A",12.416056098175346,6.7855,32.5967,"2025-03-22T07:37:09.863Z",10.516
"Medidor 1 - L9","Corriente L1","A",12.416056098175346,6.7855,32.5967,"2025-03-22T07:38:10.020Z",10.5097
"Medidor 1 - L9","Corriente L1","A",12.416056098175346,6.7855,32.5967,"2025-03-22T07:39:10.112Z",10.4767
"Medidor 1 - L9","Corriente L1","A",12.416056098175346,6.7855,32.5967,"2025-03-22T07:40:10.239Z",10.5037
"Medidor 1 - L9","Corriente L1","A",12.416056098175346,6.7855,32.5967,"2025-03-22T07:41:10.345Z",7.9303
"Medidor 1 - L9","Corriente L1","A",12.416056098175346,6.7855,32.5967,"2025-03-22T07:42:10.409Z",7.9329
"Medidor 1 - L9","Corriente L1","A",12.416056098175346,6.7855,32.5967,"2025-03-22T07:43:10.547Z",7.9309
"Medidor 1 - L9","Corriente L1","A",12.416056098175346,6.7855,32.5967,"2025-03-22T07:44:10.605Z",8.5811
"Medidor 1 - L9","Corriente L1","A",12.416056098175346,6.7855,32.5967,"2025-03-22T07:45:10.713Z",8.9411
"Medidor 1 - L9","Corriente L1","A",12.416056098175346,6.7855,32.5967,"2025-03-22T07:46:10.852Z",8.9943
"Medidor 1 - L9","Corriente L1","A",12.416056098175346,6.7855,32.5967,"2025-03-22T07:47:10.851Z",8.5378
"Medidor 1 - L9","Corriente L1","A",12.416056098175346,6.7855,32.5967,"2025-03-22T07:48:10.949Z",8.5062
"Medidor 1 - L9","Corriente L1","A",12.416056098175346,6.7855,32.5967,"2025-03-22T07:49:11.096Z",11.0481
"Medidor 1 - L9","Corriente L1","A",12.416056098175346,6.7855,32.5967,"2025-03-22T07:50:11.121Z",10.7025
"Medidor 1 - L9","Corriente L1","A",12.416056098175346,6.7855,32.5967,"2025-03-22T07:51:11.182Z",10.5347
"Medidor 1 - L9","Corriente L1","A",12.416056098175346,6.7855,32.5967,"2025-03-22T07:52:11.384Z",10.6506
"Medidor 1 - L9","Corriente L1","A",12.416056098175346,6.7855,32.5967,"2025-03-22T07:53:11.434Z",10.6702
"Medidor 1 - L9","Corriente L1","A",12.416056098175346,6.7855,32.5967,"2025-03-22T07:54:11.531Z",10.6983
"Medidor 1 - L9","Corriente L1","A",12.416056098175346,6.7855,32.5967,"2025-03-22T07:55:11.572Z",10.4663
"Medidor 1 - L9","Corriente L1","A",12.416056098175346,6.7855,32.5967,"2025-03-22T07:56:11.690Z",7.9188
"Medidor 1 - L9","Corriente L1","A",12.416056098175346,6.7855,32.5967,"2025-03-22T07:57:11.753Z",7.9959
"Medidor 1 - L9","Corriente L1","A",12.416056098175346,6.7855,32.5967,"2025-03-22T07:58:11.807Z",7.9683
"Medidor 1 - L9","Corriente L1","A",12.416056098175346,6.7855,32.5967,"2025-03-22T07:59:11.910Z",8.2372
"Medidor 1 - L9","Corriente L1","A",12.416056098175346,6.7855,32.5967,"2025-03-22T08:00:11.959Z",8.9097
"Medidor 1 - L9","Corriente L1","A",12.416056098175346,6.7855,32.5967,"2025-03-22T08:01:12.018Z",8.987
"Medidor 1 - L9","Corriente L1","A",12.416056098175346,6.7855,32.5967,"2025-03-22T08:02:12.087Z",8.6844
"Medidor 1 - L9","Corriente L1","A",12.416056098175346,6.7855,32.5967,"2025-03-22T08:03:12.093Z",8.4841
"Medidor 1 - L9","Corriente L1","A",12.416056098175346,6.7855,32.5967,"2025-03-22T08:04:12.178Z",11.1563
"Medidor 1 - L9","Corriente L1","A",12.416056098175346,6.7855,32.5967,"2025-03-22T08:05:12.322Z",10.4834
"Medidor 1 - L9","Corriente L1","A",12.416056098175346,6.7855,32.5967,"2025-03-22T08:06:12.412Z",10.499
"Medidor 1 - L9","Corriente L1","A",12.416056098175346,6.7855,32.5967,"2025-03-22T08:07:12.504Z",10.4993
"Medidor 1 - L9","Corriente L1","A",12.416056098175346,6.7855,32.5967,"2025-03-22T08:08:12.602Z",10.5265
"Medidor 1 - L9","Corriente L1","A",12.416056098175346,6.7855,32.5967,"2025-03-22T08:09:12.735Z",10.5345
"Medidor 1 - L9","Corriente L1","A",12.416056098175346,6.7855,32.5967,"2025-03-22T08:10:12.772Z",10.4643
"Medidor 1 - L9","Corriente L1","A",12.416056098175346,6.7855,32.5967,"2025-03-22T08:11:12.874Z",7.9285
"Medidor 1 - L9","Corriente L1","A",12.416056098175346,6.7855,32.5967,"2025-03-22T08:12:12.951Z",7.9266
"Medidor 1 - L9","Corriente L1","A",12.416056098175346,6.7855,32.5967,"2025-03-22T08:13:12.975Z",7.9205
"Medidor 1 - L9","Corriente L1","A",12.416056098175346,6.7855,32.5967,"2025-03-22T08:14:13.081Z",7.9005
"Medidor 1 - L9","Corriente L1","A",12.416056098175346,6.7855,32.5967,"2025-03-22T08:15:13.156Z",8.9676
"Medidor 1 - L9","Corriente L1","A",12.416056098175346,6.7855,32.5967,"2025-03-22T08:16:13.226Z",8.9191
"Medidor 1 - L9","Corriente L1","A",12.416056098175346,6.7855,32.5967,"2025-03-22T08:17:13.303Z",8.8982
"Medidor 1 - L9","Corriente L1","A",12.416056098175346,6.7855,32.5967,"2025-03-22T08:18:13.410Z",8.4639
"Medidor 1 - L9","Corriente L1","A",12.416056098175346,6.7855,32.5967,"2025-03-22T08:19:13.476Z",11.0886
"Medidor 1 - L9","Corriente L1","A",12.416056098175346,6.7855,32.5967,"2025-03-22T08:20:13.546Z",10.9438
"Medidor 1 - L9","Corriente L1","A",12.416056098175346,6.7855,32.5967,"2025-03-22T08:21:13.624Z",10.4167
"Medidor 1 - L9","Corriente L1","A",12.416056098175346,6.7855,32.5967,"2025-03-22T08:22:13.762Z",10.5837
"Medidor 1 - L9","Corriente L1","A",12.416056098175346,6.7855,32.5967,"2025-03-22T08:23:13.769Z",10.521
"Medidor 1 - L9","Corriente L1","A",12.416056098175346,6.7855,32.5967,"2025-03-22T08:24:13.930Z",10.5462
"Medidor 1 - L9","Corriente L1","A",12.416056098175346,6.7855,32.5967,"2025-03-22T08:25:14.002Z",10.655
"Medidor 1 - L9","Corriente L1","A",12.416056098175346,6.7855,32.5967,"2025-03-22T08:26:14.092Z",7.8428
"Medidor 1 - L9","Corriente L1","A",12.416056098175346,6.7855,32.5967,"2025-03-22T08:27:14.213Z",7.8388
"Medidor 1 - L9","Corriente L1","A",12.416056098175346,6.7855,32.5967,"2025-03-22T08:28:14.294Z",7.8346
"Medidor 1 - L9","Corriente L1","A",12.416056098175346,6.7855,32.5967,"2025-03-22T08:29:14.353Z",7.7664
"Medidor 1 - L9","Corriente L1","A",12.416056098175346,6.7855,32.5967,"2025-03-22T08:30:14.406Z",8.6398
"Medidor 1 - L9","Corriente L1","A",12.416056098175346,6.7855,32.5967,"2025-03-22T08:31:14.504Z",8.8193
"Medidor 1 - L9","Corriente L1","A",12.416056098175346,6.7855,32.5967,"2025-03-22T08:32:14.523Z",8.8876
"Medidor 1 - L9","Corriente L1","A",12.416056098175346,6.7855,32.5967,"2025-03-22T08:33:14.619Z",8.4673
"Medidor 1 - L9","Corriente L1","A",12.416056098175346,6.7855,32.5967,"2025-03-22T08:34:14.771Z",11.1925
"Medidor 1 - L9","Corriente L1","A",12.416056098175346,6.7855,32.5967,"2025-03-22T08:35:14.840Z",10.8547
"Medidor 1 - L9","Corriente L1","A",12.416056098175346,6.7855,32.5967,"2025-03-22T08:36:14.901Z",10.5598
"Medidor 1 - L9","Corriente L1","A",12.416056098175346,6.7855,32.5967,"2025-03-22T08:37:14.969Z",10.4283
"Medidor 1 - L9","Corriente L1","A",12.416056098175346,6.7855,32.5967,"2025-03-22T08:38:15.113Z",10.5766
"Medidor 1 - L9","Corriente L1","A",12.416056098175346,6.7855,32.5967,"2025-03-22T08:39:15.157Z",10.5626
"Medidor 1 - L9","Corriente L1","A",12.416056098175346,6.7855,32.5967,"2025-03-22T08:40:15.217Z",10.4215
"Medidor 1 - L9","Corriente L1","A",12.416056098175346,6.7855,32.5967,"2025-03-22T08:41:15.306Z",7.7686
"Medidor 1 - L9","Corriente L1","A",12.416056098175346,6.7855,32.5967,"2025-03-22T08:42:15.518Z",7.7926
"Medidor 1 - L9","Corriente L1","A",12.416056098175346,6.7855,32.5967,"2025-03-22T08:43:15.523Z",7.8373
"Medidor 1 - L9","Corriente L1","A",12.416056098175346,6.7855,32.5967,"2025-03-22T08:44:15.620Z",7.7851
"Medidor 1 - L9","Corriente L1","A",12.416056098175346,6.7855,32.5967,"2025-03-22T08:45:15.787Z",7.8909
"Medidor 1 - L9","Corriente L1","A",12.416056098175346,6.7855,32.5967,"2025-03-22T08:46:15.879Z",8.8459
"Medidor 1 - L9","Corriente L1","A",12.416056098175346,6.7855,32.5967,"2025-03-22T08:47:15.906Z",8.9023
"Medidor 1 - L9","Corriente L1","A",12.416056098175346,6.7855,32.5967,"2025-03-22T08:48:15.950Z",8.8839
"Medidor 1 - L9","Corriente L1","A",12.416056098175346,6.7855,32.5967,"2025-03-22T08:49:16.070Z",11.0834
"Medidor 1 - L9","Corriente L1","A",12.416056098175346,6.7855,32.5967,"2025-03-22T08:50:16.136Z",10.9363
"Medidor 1 - L9","Corriente L1","A",12.416056098175346,6.7855,32.5967,"2025-03-22T08:51:16.238Z",10.7029
"Medidor 1 - L9","Corriente L1","A",12.416056098175346,6.7855,32.5967,"2025-03-22T08:52:16.286Z",10.4778
"Medidor 1 - L9","Corriente L1","A",12.416056098175346,6.7855,32.5967,"2025-03-22T08:53:16.364Z",10.4514
"Medidor 1 - L9","Corriente L1","A",12.416056098175346,6.7855,32.5967,"2025-03-22T08:54:16.501Z",10.4897
"Medidor 1 - L9","Corriente L1","A",12.416056098175346,6.7855,32.5967,"2025-03-22T08:55:16.545Z",10.3632
"Medidor 1 - L9","Corriente L1","A",12.416056098175346,6.7855,32.5967,"2025-03-22T08:56:16.612Z",7.8226
"Medidor 1 - L9","Corriente L1","A",12.416056098175346,6.7855,32.5967,"2025-03-22T08:57:16.753Z",7.8128
"Medidor 1 - L9","Corriente L1","A",12.416056098175346,6.7855,32.5967,"2025-03-22T08:58:16.818Z",7.7843
"Medidor 1 - L9","Corriente L1","A",12.416056098175346,6.7855,32.5967,"2025-03-22T08:59:16.857Z",7.8054
"Medidor 1 - L9","Corriente L1","A",12.416056098175346,6.7855,32.5967,"2025-03-22T09:00:17.017Z",7.9254
"Medidor 1 - L9","Corriente L1","A",12.416056098175346,6.7855,32.5967,"2025-03-22T09:01:17.097Z",8.8604
"Medidor 1 - L9","Corriente L1","A",12.416056098175346,6.7855,32.5967,"2025-03-22T09:02:17.164Z",8.8801
"Medidor 1 - L9","Corriente L1","A",12.416056098175346,6.7855,32.5967,"2025-03-22T09:03:17.269Z",8.9722
"Medidor 1 - L9","Corriente L1","A",12.416056098175346,6.7855,32.5967,"2025-03-22T09:04:17.262Z",11.1736
"Medidor 1 - L9","Corriente L1","A",12.416056098175346,6.7855,32.5967,"2025-03-22T09:05:17.339Z",10.9495
"Medidor 1 - L9","Corriente L1","A",12.416056098175346,6.7855,32.5967,"2025-03-22T09:06:17.456Z",10.8991
"Medidor 1 - L9","Corriente L1","A",12.416056098175346,6.7855,32.5967,"2025-03-22T09:07:17.580Z",10.4148
"Medidor 1 - L9","Corriente L1","A",12.416056098175346,6.7855,32.5967,"2025-03-22T09:08:17.669Z",10.3815
"Medidor 1 - L9","Corriente L1","A",12.416056098175346,6.7855,32.5967,"2025-03-22T09:09:17.733Z",10.4422
"Medidor 1 - L9","Corriente L1","A",12.416056098175346,6.7855,32.5967,"2025-03-22T09:10:17.819Z",10.4807
"Medidor 1 - L9","Corriente L1","A",12.416056098175346,6.7855,32.5967,"2025-03-22T09:11:17.941Z",7.8999
"Medidor 1 - L9","Corriente L1","A",12.416056098175346,6.7855,32.5967,"2025-03-22T09:12:18.007Z",7.8844
"Medidor 1 - L9","Corriente L1","A",12.416056098175346,6.7855,32.5967,"2025-03-22T09:13:18.099Z",7.8955
"Medidor 1 - L9","Corriente L1","A",12.416056098175346,6.7855,32.5967,"2025-03-22T09:14:18.217Z",7.8676
"Medidor 1 - L9","Corriente L1","A",12.416056098175346,6.7855,32.5967,"2025-03-22T09:15:18.321Z",7.8817
"Medidor 1 - L9","Corriente L1","A",12.416056098175346,6.7855,32.5967,"2025-03-22T09:16:18.386Z",7.9197
"Medidor 1 - L9","Corriente L1","A",12.416056098175346,6.7855,32.5967,"2025-03-22T09:17:18.382Z",8.9279
"Medidor 1 - L9","Corriente L1","A",12.416056098175346,6.7855,32.5967,"2025-03-22T09:18:18.568Z",8.9851
"Medidor 1 - L9","Corriente L1","A",12.416056098175346,6.7855,32.5967,"2025-03-22T09:19:18.625Z",11.422
"Medidor 1 - L9","Corriente L1","A",12.416056098175346,6.7855,32.5967,"2025-03-22T09:20:18.697Z",11.0987
"Medidor 1 - L9","Corriente L1","A",12.416056098175346,6.7855,32.5967,"2025-03-22T09:21:18.824Z",10.9518
"Medidor 1 - L9","Corriente L1","A",12.416056098175346,6.7855,32.5967,"2025-03-22T09:22:18.907Z",11.2191
"Medidor 1 - L9","Corriente L1","A",12.416056098175346,6.7855,32.5967,"2025-03-22T09:23:18.982Z",10.5313
"Medidor 1 - L9","Corriente L1","A",12.416056098175346,6.7855,32.5967,"2025-03-22T09:24:19.100Z",10.4673
"Medidor 1 - L9","Corriente L1","A",12.416056098175346,6.7855,32.5967,"2025-03-22T09:25:19.206Z",10.1813
"Medidor 1 - L9","Corriente L1","A",12.416056098175346,6.7855,32.5967,"2025-03-22T09:26:19.274Z",7.9277
"Medidor 1 - L9","Corriente L1","A",12.416056098175346,6.7855,32.5967,"2025-03-22T09:27:19.368Z",7.8756
"Medidor 1 - L9","Corriente L1","A",12.416056098175346,6.7855,32.5967,"2025-03-22T09:28:19.444Z",7.9112
"Medidor 1 - L9","Corriente L1","A",12.416056098175346,6.7855,32.5967,"2025-03-22T09:29:19.558Z",7.8976
"Medidor 1 - L9","Corriente L1","A",12.416056098175346,6.7855,32.5967,"2025-03-22T09:30:19.634Z",7.9151
"Medidor 1 - L9","Corriente L1","A",12.416056098175346,6.7855,32.5967,"2025-03-22T09:31:19.753Z",7.941
"Medidor 1 - L9","Corriente L1","A",12.416056098175346,6.7855,32.5967,"2025-03-22T09:32:19.800Z",8.2096
"Medidor 1 - L9","Corriente L1","A",12.416056098175346,6.7855,32.5967,"2025-03-22T09:33:19.813Z",8.9914
"Medidor 1 - L9","Corriente L1","A",12.416056098175346,6.7855,32.5967,"2025-03-22T09:34:19.902Z",11.5928
"Medidor 1 - L9","Corriente L1","A",12.416056098175346,6.7855,32.5967,"2025-03-22T09:35:20.081Z",11.4333
"Medidor 1 - L9","Corriente L1","A",12.416056098175346,6.7855,32.5967,"2025-03-22T09:36:20.169Z",11.0374
"Medidor 1 - L9","Corriente L1","A",12.416056098175346,6.7855,32.5967,"2025-03-22T09:37:20.200Z",11.1117
"Medidor 1 - L9","Corriente L1","A",12.416056098175346,6.7855,32.5967,"2025-03-22T09:38:20.299Z",10.5832
"Medidor 1 - L9","Corriente L1","A",12.416056098175346,6.7855,32.5967,"2025-03-22T09:39:20.393Z",10.5198
"Medidor 1 - L9","Corriente L1","A",12.416056098175346,6.7855,32.5967,"2025-03-22T09:40:20.456Z",10.521
"Medidor 1 - L9","Corriente L1","A",12.416056098175346,6.7855,32.5967,"2025-03-22T09:41:20.557Z",7.9523
"Medidor 1 - L9","Corriente L1","A",12.416056098175346,6.7855,32.5967,"2025-03-22T09:42:20.603Z",7.9313
"Medidor 1 - L9","Corriente L1","A",12.416056098175346,6.7855,32.5967,"2025-03-22T09:43:20.661Z",7.923
"Medidor 1 - L9","Corriente L1","A",12.416056098175346,6.7855,32.5967,"2025-03-22T09:44:20.747Z",7.8826
"Medidor 1 - L9","Corriente L1","A",12.416056098175346,6.7855,32.5967,"2025-03-22T09:45:20.838Z",7.9263
"Medidor 1 - L9","Corriente L1","A",12.416056098175346,6.7855,32.5967,"2025-03-22T09:46:20.927Z",7.9584
"Medidor 1 - L9","Corriente L1","A",12.416056098175346,6.7855,32.5967,"2025-03-22T09:47:21.015Z",7.9701
"Medidor 1 - L9","Corriente L1","A",12.416056098175346,6.7855,32.5967,"2025-03-22T09:48:21.027Z",8.545
"Medidor 1 - L9","Corriente L1","A",12.416056098175346,6.7855,32.5967,"2025-03-22T09:49:21.082Z",8.9342
"Medidor 1 - L9","Corriente L1","A",12.416056098175346,6.7855,32.5967,"2025-03-22T09:50:21.158Z",11.5031
"Medidor 1 - L9","Corriente L1","A",12.416056098175346,6.7855,32.5967,"2025-03-22T09:51:21.256Z",11.1974
"Medidor 1 - L9","Corriente L1","A",12.416056098175346,6.7855,32.5967,"2025-03-22T09:52:21.298Z",11.0282
"Medidor 1 - L9","Corriente L1","A",12.416056098175346,6.7855,32.5967,"2025-03-22T09:53:21.362Z",11.0824
"Medidor 1 - L9","Corriente L1","A",12.416056098175346,6.7855,32.5967,"2025-03-22T09:54:21.476Z",10.5288
"Medidor 1 - L9","Corriente L1","A",12.416056098175346,6.7855,32.5967,"2025-03-22T09:55:21.561Z",10.4948
"Medidor 1 - L9","Corriente L1","A",12.416056098175346,6.7855,32.5967,"2025-03-22T09:56:21.648Z",7.9737
"Medidor 1 - L9","Corriente L1","A",12.416056098175346,6.7855,32.5967,"2025-03-22T09:57:21.755Z",7.9673
"Medidor 1 - L9","Corriente L1","A",12.416056098175346,6.7855,32.5967,"2025-03-22T09:58:21.814Z",7.9495
"Medidor 1 - L9","Corriente L1","A",12.416056098175346,6.7855,32.5967,"2025-03-22T09:59:21.871Z",7.9362
"Medidor 1 - L9","Corriente L1","A",12.416056098175346,6.7855,32.5967,"2025-03-22T10:00:21.951Z",7.9403
"Medidor 1 - L9","Corriente L1","A",12.416056098175346,6.7855,32.5967,"2025-03-22T10:01:22.022Z",7.9338
"Medidor 1 - L9","Corriente L1","A",12.416056098175346,6.7855,32.5967,"2025-03-22T10:02:22.169Z",7.9729
"Medidor 1 - L9","Corriente L1","A",12.416056098175346,6.7855,32.5967,"2025-03-22T10:03:22.278Z",7.9355
"Medidor 1 - L9","Corriente L1","A",12.416056098175346,6.7855,32.5967,"2025-03-22T10:04:22.286Z",8.5735
"Medidor 1 - L9","Corriente L1","A",12.416056098175346,6.7855,32.5967,"2025-03-22T10:05:22.417Z",8.9503
"Medidor 1 - L9","Corriente L1","A",12.416056098175346,6.7855,32.5967,"2025-03-22T10:06:22.543Z",11.5775
"Medidor 1 - L9","Corriente L1","A",12.416056098175346,6.7855,32.5967,"2025-03-22T10:07:22.577Z",11.0309
"Medidor 1 - L9","Corriente L1","A",12.416056098175346,6.7855,32.5967,"2025-03-22T10:08:22.670Z",11.2274
"Medidor 1 - L9","Corriente L1","A",12.416056098175346,6.7855,32.5967,"2025-03-22T10:09:22.766Z",11.1359
"Medidor 1 - L9","Corriente L1","A",12.416056098175346,6.7855,32.5967,"2025-03-22T10:10:22.973Z",10.6788
"Medidor 1 - L9","Corriente L1","A",12.416056098175346,6.7855,32.5967,"2025-03-22T10:11:23.023Z",10.6613
"Medidor 1 - L9","Corriente L1","A",12.416056098175346,6.7855,32.5967,"2025-03-22T10:12:23.070Z",7.9724
"Medidor 1 - L9","Corriente L1","A",12.416056098175346,6.7855,32.5967,"2025-03-22T10:13:23.149Z",7.9587
"Medidor 1 - L9","Corriente L1","A",12.416056098175346,6.7855,32.5967,"2025-03-22T10:14:23.287Z",7.9827
"Medidor 1 - L9","Corriente L1","A",12.416056098175346,6.7855,32.5967,"2025-03-22T10:15:23.387Z",8.0017
"Medidor 1 - L9","Corriente L1","A",12.416056098175346,6.7855,32.5967,"2025-03-22T10:16:23.438Z",7.9895
"Medidor 1 - L9","Corriente L1","A",12.416056098175346,6.7855,32.5967,"2025-03-22T10:17:23.544Z",7.9284
"Medidor 1 - L9","Corriente L1","A",12.416056098175346,6.7855,32.5967,"2025-03-22T10:18:23.677Z",7.9183
"Medidor 1 - L9","Corriente L1","A",12.416056098175346,6.7855,32.5967,"2025-03-22T10:19:23.691Z",7.9233
"Medidor 1 - L9","Corriente L1","A",12.416056098175346,6.7855,32.5967,"2025-03-22T10:20:23.803Z",8.4459
"Medidor 1 - L9","Corriente L1","A",12.416056098175346,6.7855,32.5967,"2025-03-22T10:21:23.935Z",11.5711
"Medidor 1 - L9","Corriente L1","A",12.416056098175346,6.7855,32.5967,"2025-03-22T10:22:23.948Z",11.5268
"Medidor 1 - L9","Corriente L1","A",12.416056098175346,6.7855,32.5967,"2025-03-22T10:23:24.036Z",11.2671
"Medidor 1 - L9","Corriente L1","A",12.416056098175346,6.7855,32.5967,"2025-03-22T10:24:24.166Z",11.0131
"Medidor 1 - L9","Corriente L1","A",12.416056098175346,6.7855,32.5967,"2025-03-22T10:25:24.182Z",11.0311
"Medidor 1 - L9","Corriente L1","A",12.416056098175346,6.7855,32.5967,"2025-03-22T10:26:24.271Z",10.5271
"Medidor 1 - L9","Corriente L1","A",12.416056098175346,6.7855,32.5967,"2025-03-22T10:27:24.347Z",7.925
"Medidor 1 - L9","Corriente L1","A",12.416056098175346,6.7855,32.5967,"2025-03-22T10:28:24.457Z",7.9242
"Medidor 1 - L9","Corriente L1","A",12.416056098175346,6.7855,32.5967,"2025-03-22T10:29:24.518Z",7.9172
"Medidor 1 - L9","Corriente L1","A",12.416056098175346,6.7855,32.5967,"2025-03-22T10:30:24.588Z",7.9298
"Medidor 1 - L9","Corriente L1","A",12.416056098175346,6.7855,32.5967,"2025-03-22T10:31:24.607Z",7.9313
"Medidor 1 - L9","Corriente L1","A",12.416056098175346,6.7855,32.5967,"2025-03-22T10:32:24.682Z",7.9022
"Medidor 1 - L9","Corriente L1","A",12.416056098175346,6.7855,32.5967,"2025-03-22T10:33:24.830Z",7.8814
"Medidor 1 - L9","Corriente L1","A",12.416056098175346,6.7855,32.5967,"2025-03-22T10:34:24.875Z",7.901
"Medidor 1 - L9","Corriente L1","A",12.416056098175346,6.7855,32.5967,"2025-03-22T10:35:24.941Z",7.8803
"Medidor 1 - L9","Corriente L1","A",12.416056098175346,6.7855,32.5967,"2025-03-22T10:36:25.079Z",10.4675
"Medidor 1 - L9","Corriente L1","A",12.416056098175346,6.7855,32.5967,"2025-03-22T10:37:25.182Z",11.5552
"Medidor 1 - L9","Corriente L1","A",12.416056098175346,6.7855,32.5967,"2025-03-22T10:38:25.244Z",11.4109
"Medidor 1 - L9","Corriente L1","A",12.416056098175346,6.7855,32.5967,"2025-03-22T10:39:25.329Z",11.4183
"Medidor 1 - L9","Corriente L1","A",12.416056098175346,6.7855,32.5967,"2025-03-22T10:40:25.395Z",11.0985
"Medidor 1 - L9","Corriente L1","A",12.416056098175346,6.7855,32.5967,"2025-03-22T10:41:25.466Z",11.0593
"Medidor 1 - L9","Corriente L1","A",12.416056098175346,6.7855,32.5967,"2025-03-22T10:42:25.585Z",7.9705
"Medidor 1 - L9","Corriente L1","A",12.416056098175346,6.7855,32.5967,"2025-03-22T10:43:25.638Z",7.9165
"Medidor 1 - L9","Corriente L1","A",12.416056098175346,6.7855,32.5967,"2025-03-22T10:44:25.759Z",7.908
"Medidor 1 - L9","Corriente L1","A",12.416056098175346,6.7855,32.5967,"2025-03-22T10:45:25.855Z",7.9521
"Medidor 1 - L9","Corriente L1","A",12.416056098175346,6.7855,32.5967,"2025-03-22T10:46:25.925Z",7.8871
"Medidor 1 - L9","Corriente L1","A",12.416056098175346,6.7855,32.5967,"2025-03-22T10:47:25.992Z",7.9239
"Medidor 1 - L9","Corriente L1","A",12.416056098175346,6.7855,32.5967,"2025-03-22T10:48:26.137Z",7.9511
"Medidor 1 - L9","Corriente L1","A",12.416056098175346,6.7855,32.5967,"2025-03-22T10:49:26.218Z",7.9451
"Medidor 1 - L9","Corriente L1","A",12.416056098175346,6.7855,32.5967,"2025-03-22T10:50:26.293Z",7.9125
"Medidor 1 - L9","Corriente L1","A",12.416056098175346,6.7855,32.5967,"2025-03-22T10:51:26.329Z",7.9636
"Medidor 1 - L9","Corriente L1","A",12.416056098175346,6.7855,32.5967,"2025-03-22T10:52:26.346Z",10.5877
"Medidor 1 - L9","Corriente L1","A",12.416056098175346,6.7855,32.5967,"2025-03-22T10:53:26.442Z",11.398
"Medidor 1 - L9","Corriente L1","A",12.416056098175346,6.7855,32.5967,"2025-03-22T10:54:26.518Z",11.4759
"Medidor 1 - L9","Corriente L1","A",12.416056098175346,6.7855,32.5967,"2025-03-22T10:55:26.602Z",11.5768
"Medidor 1 - L9","Corriente L1","A",12.416056098175346,6.7855,32.5967,"2025-03-22T10:56:26.710Z",11.162
"Medidor 1 - L9","Corriente L1","A",12.416056098175346,6.7855,32.5967,"2025-03-22T10:57:26.744Z",11.0785
"Medidor 1 - L9","Corriente L1","A",12.416056098175346,6.7855,32.5967,"2025-03-22T10:58:26.856Z",8.5313
"Medidor 1 - L9","Corriente L1","A",12.416056098175346,6.7855,32.5967,"2025-03-22T10:59:26.925Z",8.0033
"Medidor 1 - L9","Corriente L1","A",12.416056098175346,6.7855,32.5967,"2025-03-22T11:00:27.040Z",7.9898
"Medidor 1 - L9","Corriente L1","A",12.416056098175346,6.7855,32.5967,"2025-03-22T11:01:27.174Z",8.0043
"Medidor 1 - L9","Corriente L1","A",12.416056098175346,6.7855,32.5967,"2025-03-22T11:02:27.193Z",8.1016
"Medidor 1 - L9","Corriente L1","A",12.416056098175346,6.7855,32.5967,"2025-03-22T11:03:27.311Z",8.173
"Medidor 1 - L9","Corriente L1","A",12.416056098175346,6.7855,32.5967,"2025-03-22T11:04:27.350Z",7.9527
"Medidor 1 - L9","Corriente L1","A",12.416056098175346,6.7855,32.5967,"2025-03-22T11:05:27.384Z",8.0908
"Medidor 1 - L9","Corriente L1","A",12.416056098175346,6.7855,32.5967,"2025-03-22T11:06:27.518Z",7.9455
"Medidor 1 - L9","Corriente L1","A",12.416056098175346,6.7855,32.5967,"2025-03-22T11:07:27.598Z",10.3854
"Medidor 1 - L9","Corriente L1","A",12.416056098175346,6.7855,32.5967,"2025-03-22T11:08:27.670Z",10.6291
"Medidor 1 - L9","Corriente L1","A",12.416056098175346,6.7855,32.5967,"2025-03-22T11:09:27.712Z",10.6976
"Medidor 1 - L9","Corriente L1","A",12.416056098175346,6.7855,32.5967,"2025-03-22T11:10:27.841Z",11.5813
"Medidor 1 - L9","Corriente L1","A",12.416056098175346,6.7855,32.5967,"2025-03-22T11:11:27.958Z",11.6817
"Medidor 1 - L9","Corriente L1","A",12.416056098175346,6.7855,32.5967,"2025-03-22T11:12:28.024Z",11.2923
"Medidor 1 - L9","Corriente L1","A",12.416056098175346,6.7855,32.5967,"2025-03-22T11:13:28.097Z",8.6214
"Medidor 1 - L9","Corriente L1","A",12.416056098175346,6.7855,32.5967,"2025-03-22T11:14:28.160Z",8.6165
"Medidor 1 - L9","Corriente L1","A",12.416056098175346,6.7855,32.5967,"2025-03-22T11:15:28.258Z",8.0478
"Medidor 1 - L9","Corriente L1","A",12.416056098175346,6.7855,32.5967,"2025-03-22T11:16:28.403Z",8.0346
"Medidor 1 - L9","Corriente L1","A",12.416056098175346,6.7855,32.5967,"2025-03-22T11:17:28.500Z",8.0791
"Medidor 1 - L9","Corriente L1","A",12.416056098175346,6.7855,32.5967,"2025-03-22T11:18:28.567Z",8.0924
"Medidor 1 - L9","Corriente L1","A",12.416056098175346,6.7855,32.5967,"2025-03-22T11:19:28.698Z",7.9426
"Medidor 1 - L9","Corriente L1","A",12.416056098175346,6.7855,32.5967,"2025-03-22T11:20:28.767Z",8.0146
"Medidor 1 - L9","Corriente L1","A",12.416056098175346,6.7855,32.5967,"2025-03-22T11:21:28.819Z",8.0877
"Medidor 1 - L9","Corriente L1","A",12.416056098175346,6.7855,32.5967,"2025-03-22T11:22:28.892Z",7.9138
"Medidor 1 - L9","Corriente L1","A",12.416056098175346,6.7855,32.5967,"2025-03-22T11:23:28.966Z",10.5964
"Medidor 1 - L9","Corriente L1","A",12.416056098175346,6.7855,32.5967,"2025-03-22T11:24:29.041Z",10.2784
"Medidor 1 - L9","Corriente L1","A",12.416056098175346,6.7855,32.5967,"2025-03-22T11:25:29.121Z",10.4173
"Medidor 1 - L9","Corriente L1","A",12.416056098175346,6.7855,32.5967,"2025-03-22T11:26:29.191Z",11.3831
"Medidor 1 - L9","Corriente L1","A",12.416056098175346,6.7855,32.5967,"2025-03-22T11:27:29.295Z",11.3916
"Medidor 1 - L9","Corriente L1","A",12.416056098175346,6.7855,32.5967,"2025-03-22T11:28:29.372Z",11.4527
"Medidor 1 - L9","Corriente L1","A",12.416056098175346,6.7855,32.5967,"2025-03-22T11:29:29.478Z",8.5818
"Medidor 1 - L9","Corriente L1","A",12.416056098175346,6.7855,32.5967,"2025-03-22T11:30:29.530Z",8.3878
"Medidor 1 - L9","Corriente L1","A",12.416056098175346,6.7855,32.5967,"2025-03-22T11:31:29.595Z",8.2739
"Medidor 1 - L9","Corriente L1","A",12.416056098175346,6.7855,32.5967,"2025-03-22T11:32:29.729Z",7.9352
"Medidor 1 - L9","Corriente L1","A",12.416056098175346,6.7855,32.5967,"2025-03-22T11:33:29.783Z",7.8117
"Medidor 1 - L9","Corriente L1","A",12.416056098175346,6.7855,32.5967,"2025-03-22T11:34:29.893Z",7.8842
"Medidor 1 - L9","Corriente L1","A",12.416056098175346,6.7855,32.5967,"2025-03-22T11:35:29.956Z",7.8351
"Medidor 1 - L9","Corriente L1","A",12.416056098175346,6.7855,32.5967,"2025-03-22T11:36:30.009Z",7.8472
"Medidor 1 - L9","Corriente L1","A",12.416056098175346,6.7855,32.5967,"2025-03-22T11:37:30.082Z",7.8046
"Medidor 1 - L9","Corriente L1","A",12.416056098175346,6.7855,32.5967,"2025-03-22T11:38:30.221Z",7.8209
"Medidor 1 - L9","Corriente L1","A",12.416056098175346,6.7855,32.5967,"2025-03-22T11:39:30.273Z",10.4518
"Medidor 1 - L9","Corriente L1","A",12.416056098175346,6.7855,32.5967,"2025-03-22T11:40:30.346Z",10.2985
"Medidor 1 - L9","Corriente L1","A",12.416056098175346,6.7855,32.5967,"2025-03-22T11:41:30.490Z",10.3157
"Medidor 1 - L9","Corriente L1","A",12.416056098175346,6.7855,32.5967,"2025-03-22T11:42:30.559Z",10.3985
"Medidor 1 - L9","Corriente L1","A",12.416056098175346,6.7855,32.5967,"2025-03-22T11:43:30.587Z",11.3756
"Medidor 1 - L9","Corriente L1","A",12.416056098175346,6.7855,32.5967,"2025-03-22T11:44:30.690Z",8.8427
"Medidor 1 - L9","Corriente L1","A",12.416056098175346,6.7855,32.5967,"2025-03-22T11:45:30.754Z",8.8469
"Medidor 1 - L9","Corriente L1","A",12.416056098175346,6.7855,32.5967,"2025-03-22T11:46:30.830Z",8.3878
"Medidor 1 - L9","Corriente L1","A",12.416056098175346,6.7855,32.5967,"2025-03-22T11:47:30.867Z",8.4066
"Medidor 1 - L9","Corriente L1","A",12.416056098175346,6.7855,32.5967,"2025-03-22T11:48:31.024Z",8.3873
"Medidor 1 - L9","Corriente L1","A",12.416056098175346,6.7855,32.5967,"2025-03-22T11:49:31.063Z",7.8513
"Medidor 1 - L9","Corriente L1","A",12.416056098175346,6.7855,32.5967,"2025-03-22T11:50:31.061Z",7.8786
"Medidor 1 - L9","Corriente L1","A",12.416056098175346,6.7855,32.5967,"2025-03-22T11:51:31.172Z",7.839
"Medidor 1 - L9","Corriente L1","A",12.416056098175346,6.7855,32.5967,"2025-03-22T11:52:31.301Z",7.8032
"Medidor 1 - L9","Corriente L1","A",12.416056098175346,6.7855,32.5967,"2025-03-22T11:53:31.414Z",7.8823
"Medidor 1 - L9","Corriente L1","A",12.416056098175346,6.7855,32.5967,"2025-03-22T11:54:31.567Z",10.386
"Medidor 1 - L9","Corriente L1","A",12.416056098175346,6.7855,32.5967,"2025-03-22T11:55:31.596Z",10.4331
"Medidor 1 - L9","Corriente L1","A",12.416056098175346,6.7855,32.5967,"2025-03-22T11:56:31.710Z",10.3558
"Medidor 1 - L9","Corriente L1","A",12.416056098175346,6.7855,32.5967,"2025-03-22T11:57:31.828Z",10.392
"Medidor 1 - L9","Corriente L1","A",12.416056098175346,6.7855,32.5967,"2025-03-22T11:58:31.901Z",10.359
"Medidor 1 - L9","Corriente L1","A",12.416056098175346,6.7855,32.5967,"2025-03-22T11:59:31.962Z",10.3582
"Medidor 1 - L9","Corriente L1","A",12.416056098175346,6.7855,32.5967,"2025-03-22T12:00:32.001Z",8.864
"Medidor 1 - L9","Corriente L1","A",12.416056098175346,6.7855,32.5967,"2025-03-22T12:01:32.063Z",9.0168
"Medidor 1 - L9","Corriente L1","A",12.416056098175346,6.7855,32.5967,"2025-03-22T12:02:32.189Z",8.8772
"Medidor 1 - L9","Corriente L1","A",12.416056098175346,6.7855,32.5967,"2025-03-22T12:03:32.274Z",8.4435
"Medidor 1 - L9","Corriente L1","A",12.416056098175346,6.7855,32.5967,"2025-03-22T12:04:32.370Z",8.4303
"Medidor 1 - L9","Corriente L1","A",12.416056098175346,6.7855,32.5967,"2025-03-22T12:05:32.470Z",8.4123
"Medidor 1 - L9","Corriente L1","A",12.416056098175346,6.7855,32.5967,"2025-03-22T12:06:32.574Z",7.8849
"Medidor 1 - L9","Corriente L1","A",12.416056098175346,6.7855,32.5967,"2025-03-22T12:07:32.714Z",7.8763
"Medidor 1 - L9","Corriente L1","A",12.416056098175346,6.7855,32.5967,"2025-03-22T12:08:32.752Z",7.867
"Medidor 1 - L9","Corriente L1","A",12.416056098175346,6.7855,32.5967,"2025-03-22T12:09:32.815Z",7.8524
"Medidor 1 - L9","Corriente L1","A",12.416056098175346,6.7855,32.5967,"2025-03-22T12:10:32.972Z",7.8748
"Medidor 1 - L9","Corriente L1","A",12.416056098175346,6.7855,32.5967,"2025-03-22T12:11:33.047Z",10.5876
"Medidor 1 - L9","Corriente L1","A",12.416056098175346,6.7855,32.5967,"2025-03-22T12:12:33.087Z",10.4207
"Medidor 1 - L9","Corriente L1","A",12.416056098175346,6.7855,32.5967,"2025-03-22T12:13:33.249Z",10.4038
"Medidor 1 - L9","Corriente L1","A",12.416056098175346,6.7855,32.5967,"2025-03-22T12:14:33.397Z",10.4358
"Medidor 1 - L9","Corriente L1","A",12.416056098175346,6.7855,32.5967,"2025-03-22T12:15:33.388Z",10.5851
"Medidor 1 - L9","Corriente L1","A",12.416056098175346,6.7855,32.5967,"2025-03-22T12:16:33.506Z",10.4524
"Medidor 1 - L9","Corriente L1","A",12.416056098175346,6.7855,32.5967,"2025-03-22T12:17:33.617Z",8.9013
"Medidor 1 - L9","Corriente L1","A",12.416056098175346,6.7855,32.5967,"2025-03-22T12:18:33.731Z",8.9401
"Medidor 1 - L9","Corriente L1","A",12.416056098175346,6.7855,32.5967,"2025-03-22T12:19:33.809Z",8.9704
"Medidor 1 - L9","Corriente L1","A",12.416056098175346,6.7855,32.5967,"2025-03-22T12:20:33.852Z",8.4861
"Medidor 1 - L9","Corriente L1","A",12.416056098175346,6.7855,32.5967,"2025-03-22T12:21:33.910Z",8.3932
"Medidor 1 - L9","Corriente L1","A",12.416056098175346,6.7855,32.5967,"2025-03-22T12:22:34.058Z",8.5127
"Medidor 1 - L9","Corriente L1","A",12.416056098175346,6.7855,32.5967,"2025-03-22T12:23:34.152Z",7.8632
"Medidor 1 - L9","Corriente L1","A",12.416056098175346,6.7855,32.5967,"2025-03-22T12:24:34.224Z",7.8467
"Medidor 1 - L9","Corriente L1","A",12.416056098175346,6.7855,32.5967,"2025-03-22T12:25:34.319Z",7.8776
"Medidor 1 - L9","Corriente L1","A",12.416056098175346,6.7855,32.5967,"2025-03-22T12:26:34.400Z",7.9071
"Medidor 1 - L9","Corriente L1","A",12.416056098175346,6.7855,32.5967,"2025-03-22T12:27:34.428Z",7.9518
"Medidor 1 - L9","Corriente L1","A",12.416056098175346,6.7855,32.5967,"2025-03-22T12:28:34.520Z",10.5264
"Medidor 1 - L9","Corriente L1","A",12.416056098175346,6.7855,32.5967,"2025-03-22T12:29:34.653Z",10.3783
"Medidor 1 - L9","Corriente L1","A",12.416056098175346,6.7855,32.5967,"2025-03-22T12:30:34.758Z",10.681
"Medidor 1 - L9","Corriente L1","A",12.416056098175346,6.7855,32.5967,"2025-03-22T12:31:34.819Z",10.5273
"Medidor 1 - L9","Corriente L1","A",12.416056098175346,6.7855,32.5967,"2025-03-22T12:32:34.934Z",10.6027
"Medidor 1 - L9","Corriente L1","A",12.416056098175346,6.7855,32.5967,"2025-03-22T12:33:34.974Z",7.9645
"Medidor 1 - L9","Corriente L1","A",12.416056098175346,6.7855,32.5967,"2025-03-22T12:34:35.105Z",8.8802
"Medidor 1 - L9","Corriente L1","A",12.416056098175346,6.7855,32.5967,"2025-03-22T12:35:35.195Z",8.9421
"Medidor 1 - L9","Corriente L1","A",12.416056098175346,6.7855,32.5967,"2025-03-22T12:36:35.268Z",8.9089
"Medidor 1 - L9","Corriente L1","A",12.416056098175346,6.7855,32.5967,"2025-03-22T12:37:35.314Z",8.4478
"Medidor 1 - L9","Corriente L1","A",12.416056098175346,6.7855,32.5967,"2025-03-22T12:38:35.311Z",8.4739
"Medidor 1 - L9","Corriente L1","A",12.416056098175346,6.7855,32.5967,"2025-03-22T12:39:35.436Z",8.4184
"Medidor 1 - L9","Corriente L1","A",12.416056098175346,6.7855,32.5967,"2025-03-22T12:40:35.557Z",7.9307
"Medidor 1 - L9","Corriente L1","A",12.416056098175346,6.7855,32.5967,"2025-03-22T12:41:35.541Z",7.9551
"Medidor 1 - L9","Corriente L1","A",12.416056098175346,6.7855,32.5967,"2025-03-22T12:42:35.678Z",7.8763
"Medidor 1 - L9","Corriente L1","A",12.416056098175346,6.7855,32.5967,"2025-03-22T12:43:35.821Z",7.9608
"Medidor 1 - L9","Corriente L1","A",12.416056098175346,6.7855,32.5967,"2025-03-22T12:44:35.828Z",10.5463
"Medidor 1 - L9","Corriente L1","A",12.416056098175346,6.7855,32.5967,"2025-03-22T12:45:35.963Z",10.6075
"Medidor 1 - L9","Corriente L1","A",12.416056098175346,6.7855,32.5967,"2025-03-22T12:46:36.071Z",10.6589
"Medidor 1 - L9","Corriente L1","A",12.416056098175346,6.7855,32.5967,"2025-03-22T12:47:36.131Z",10.5682
"Medidor 1 - L9","Corriente L1","A",12.416056098175346,6.7855,32.5967,"2025-03-22T12:48:36.296Z",10.5217
"Medidor 1 - L9","Corriente L1","A",12.416056098175346,6.7855,32.5967,"2025-03-22T12:49:36.390Z",10.5426
"Medidor 1 - L9","Corriente L1","A",12.416056098175346,6.7855,32.5967,"2025-03-22T12:50:36.532Z",10.5147
"Medidor 1 - L9","Corriente L1","A",12.416056098175346,6.7855,32.5967,"2025-03-22T12:51:36.611Z",11.5212
"Medidor 1 - L9","Corriente L1","A",12.416056098175346,6.7855,32.5967,"2025-03-22T12:52:36.657Z",11.5507
"Medidor 1 - L9","Corriente L1","A",12.416056098175346,6.7855,32.5967,"2025-03-22T12:53:36.727Z",11.5049
"Medidor 1 - L9","Corriente L1","A",12.416056098175346,6.7855,32.5967,"2025-03-22T12:54:36.823Z",11.0776
"Medidor 1 - L9","Corriente L1","A",12.416056098175346,6.7855,32.5967,"2025-03-22T12:55:36.906Z",11.103
"Medidor 1 - L9","Corriente L1","A",12.416056098175346,6.7855,32.5967,"2025-03-22T12:56:37.036Z",11.0622
"Medidor 1 - L9","Corriente L1","A",12.416056098175346,6.7855,32.5967,"2025-03-22T12:57:37.103Z",10.5095
"Medidor 1 - L9","Corriente L1","A",12.416056098175346,6.7855,32.5967,"2025-03-22T12:58:37.215Z",10.5097
"Medidor 1 - L9","Corriente L1","A",12.416056098175346,6.7855,32.5967,"2025-03-22T12:59:37.319Z",7.919
"Medidor 1 - L9","Corriente L1","A",12.416056098175346,6.7855,32.5967,"2025-03-22T13:00:37.406Z",7.9489
"Medidor 1 - L9","Corriente L1","A",12.416056098175346,6.7855,32.5967,"2025-03-22T13:01:37.463Z",7.9676
"Medidor 1 - L9","Corriente L1","A",12.416056098175346,6.7855,32.5967,"2025-03-22T13:02:37.554Z",8.0283
"Medidor 1 - L9","Corriente L1","A",12.416056098175346,6.7855,32.5967,"2025-03-22T13:03:37.596Z",7.9385
"Medidor 1 - L9","Corriente L1","A",12.416056098175346,6.7855,32.5967,"2025-03-22T13:04:37.682Z",7.9577
"Medidor 1 - L9","Corriente L1","A",12.416056098175346,6.7855,32.5967,"2025-03-22T13:05:37.736Z",10.4604
"Medidor 1 - L9","Corriente L1","A",12.416056098175346,6.7855,32.5967,"2025-03-22T13:06:37.825Z",10.5241
"Medidor 1 - L9","Corriente L1","A",12.416056098175346,6.7855,32.5967,"2025-03-22T13:07:37.847Z",10.4889
"Medidor 1 - L9","Corriente L1","A",12.416056098175346,6.7855,32.5967,"2025-03-22T13:08:37.931Z",11.7606
"Medidor 1 - L9","Corriente L1","A",12.416056098175346,6.7855,32.5967,"2025-03-22T13:09:38.055Z",11.6296
"Medidor 1 - L9","Corriente L1","A",12.416056098175346,6.7855,32.5967,"2025-03-22T13:10:38.136Z",11.604
"Medidor 1 - L9","Corriente L1","A",12.416056098175346,6.7855,32.5967,"2025-03-22T13:11:38.222Z",11.1346
"Medidor 1 - L9","Corriente L1","A",12.416056098175346,6.7855,32.5967,"2025-03-22T13:12:38.260Z",11.1774
"Medidor 1 - L9","Corriente L1","A",12.416056098175346,6.7855,32.5967,"2025-03-22T13:13:38.434Z",11.1391
"Medidor 1 - L9","Corriente L1","A",12.416056098175346,6.7855,32.5967,"2025-03-22T13:14:38.564Z",7.9406
"Medidor 1 - L9","Corriente L1","A",12.416056098175346,6.7855,32.5967,"2025-03-22T13:15:38.623Z",8.0231
"Medidor 1 - L9","Corriente L1","A",12.416056098175346,6.7855,32.5967,"2025-03-22T13:16:38.695Z",7.963
"Medidor 1 - L9","Corriente L1","A",12.416056098175346,6.7855,32.5967,"2025-03-22T13:17:38.782Z",7.9472
"Medidor 1 - L9","Corriente L1","A",12.416056098175346,6.7855,32.5967,"2025-03-22T13:18:38.908Z",7.9814
"Medidor 1 - L9","Corriente L1","A",12.416056098175346,6.7855,32.5967,"2025-03-22T13:19:39.003Z",7.9924
"Medidor 1 - L9","Corriente L1","A",12.416056098175346,6.7855,32.5967,"2025-03-22T13:20:39.152Z",7.99
"Medidor 1 - L9","Corriente L1","A",12.416056098175346,6.7855,32.5967,"2025-03-22T13:21:39.159Z",10.5044
"Medidor 1 - L9","Corriente L1","A",12.416056098175346,6.7855,32.5967,"2025-03-22T13:22:39.207Z",10.473
"Medidor 1 - L9","Corriente L1","A",12.416056098175346,6.7855,32.5967,"2025-03-22T13:23:39.282Z",10.7586
"Medidor 1 - L9","Corriente L1","A",12.416056098175346,6.7855,32.5967,"2025-03-22T13:24:39.365Z",10.571
"Medidor 1 - L9","Corriente L1","A",12.416056098175346,6.7855,32.5967,"2025-03-22T13:25:39.475Z",11.8346
"Medidor 1 - L9","Corriente L1","A",12.416056098175346,6.7855,32.5967,"2025-03-22T13:26:39.504Z",11.8376
"Medidor 1 - L9","Corriente L1","A",12.416056098175346,6.7855,32.5967,"2025-03-22T13:27:39.666Z",11.8136
"Medidor 1 - L9","Corriente L1","A",12.416056098175346,6.7855,32.5967,"2025-03-22T13:28:39.746Z",11.2354
"Medidor 1 - L9","Corriente L1","A",12.416056098175346,6.7855,32.5967,"2025-03-22T13:29:39.846Z",11.2493
"Medidor 1 - L9","Corriente L1","A",12.416056098175346,6.7855,32.5967,"2025-03-22T13:30:39.925Z",8.5213
"Medidor 1 - L9","Corriente L1","A",12.416056098175346,6.7855,32.5967,"2025-03-22T13:31:40.035Z",7.9456
"Medidor 1 - L9","Corriente L1","A",12.416056098175346,6.7855,32.5967,"2025-03-22T13:32:40.210Z",7.9708
"Medidor 1 - L9","Corriente L1","A",12.416056098175346,6.7855,32.5967,"2025-03-22T13:33:40.224Z",7.9488
"Medidor 1 - L9","Corriente L1","A",12.416056098175346,6.7855,32.5967,"2025-03-22T13:34:40.307Z",8.0424
"Medidor 1 - L9","Corriente L1","A",12.416056098175346,6.7855,32.5967,"2025-03-22T13:35:40.451Z",7.9251
"Medidor 1 - L9","Corriente L1","A",12.416056098175346,6.7855,32.5967,"2025-03-22T13:36:40.519Z",9.9371
"Medidor 1 - L9","Corriente L1","A",12.416056098175346,6.7855,32.5967,"2025-03-22T13:37:40.593Z",10.7668
"Medidor 1 - L9","Corriente L1","A",12.416056098175346,6.7855,32.5967,"2025-03-22T13:38:40.663Z",10.6418
"Medidor 1 - L9","Corriente L1","A",12.416056098175346,6.7855,32.5967,"2025-03-22T13:39:40.790Z",10.7016
"Medidor 1 - L9","Corriente L1","A",12.416056098175346,6.7855,32.5967,"2025-03-22T13:40:40.860Z",10.5915
"Medidor 1 - L9","Corriente L1","A",12.416056098175346,6.7855,32.5967,"2025-03-22T13:41:40.969Z",11.3781
"Medidor 1 - L9","Corriente L1","A",12.416056098175346,6.7855,32.5967,"2025-03-22T13:42:41.016Z",11.811
"Medidor 1 - L9","Corriente L1","A",12.416056098175346,6.7855,32.5967,"2025-03-22T13:43:41.018Z",11.7814
"Medidor 1 - L9","Corriente L1","A",12.416056098175346,6.7855,32.5967,"2025-03-22T13:44:41.149Z",11.4584
"Medidor 1 - L9","Corriente L1","A",12.416056098175346,6.7855,32.5967,"2025-03-22T13:45:41.221Z",8.6248
"Medidor 1 - L9","Corriente L1","A",12.416056098175346,6.7855,32.5967,"2025-03-22T13:46:41.336Z",8.4987
"Medidor 1 - L9","Corriente L1","A",12.416056098175346,6.7855,32.5967,"2025-03-22T13:47:41.438Z",8.0251
"Medidor 1 - L9","Corriente L1","A",12.416056098175346,6.7855,32.5967,"2025-03-22T13:48:41.503Z",7.94
"Medidor 1 - L9","Corriente L1","A",12.416056098175346,6.7855,32.5967,"2025-03-22T13:49:41.585Z",7.9615
"Medidor 1 - L9","Corriente L1","A",12.416056098175346,6.7855,32.5967,"2025-03-22T13:50:41.616Z",7.944
"Medidor 1 - L9","Corriente L1","A",12.416056098175346,6.7855,32.5967,"2025-03-22T13:51:41.709Z",7.895
"Medidor 1 - L9","Corriente L1","A",12.416056098175346,6.7855,32.5967,"2025-03-22T13:52:41.781Z",10.7349
"Medidor 1 - L9","Corriente L1","A",12.416056098175346,6.7855,32.5967,"2025-03-22T13:53:41.884Z",10.7467
"Medidor 1 - L9","Corriente L1","A",12.416056098175346,6.7855,32.5967,"2025-03-22T13:54:41.971Z",10.7701
"Medidor 1 - L9","Corriente L1","A",12.416056098175346,6.7855,32.5967,"2025-03-22T13:55:42.080Z",10.73
"Medidor 1 - L9","Corriente L1","A",12.416056098175346,6.7855,32.5967,"2025-03-22T13:56:42.214Z",11.1188
"Medidor 1 - L9","Corriente L1","A",12.416056098175346,6.7855,32.5967,"2025-03-22T13:57:42.268Z",10.7732
"Medidor 1 - L9","Corriente L1","A",12.416056098175346,6.7855,32.5967,"2025-03-22T13:58:42.311Z",11.797
"Medidor 1 - L9","Corriente L1","A",12.416056098175346,6.7855,32.5967,"2025-03-22T13:59:42.404Z",11.7832
"Medidor 1 - L9","Corriente L1","A",12.416056098175346,6.7855,32.5967,"2025-03-22T14:00:42.542Z",8.9425
"Medidor 1 - L9","Corriente L1","A",12.416056098175346,6.7855,32.5967,"2025-03-22T14:01:42.583Z",8.5671
"Medidor 1 - L9","Corriente L1","A",12.416056098175346,6.7855,32.5967,"2025-03-22T14:02:42.632Z",8.5828
"Medidor 1 - L9","Corriente L1","A",12.416056098175346,6.7855,32.5967,"2025-03-22T14:03:42.696Z",8.0189
"Medidor 1 - L9","Corriente L1","A",12.416056098175346,6.7855,32.5967,"2025-03-22T14:04:42.814Z",7.9908
"Medidor 1 - L9","Corriente L1","A",12.416056098175346,6.7855,32.5967,"2025-03-22T14:05:42.821Z",7.8795
"Medidor 1 - L9","Corriente L1","A",12.416056098175346,6.7855,32.5967,"2025-03-22T14:06:42.933Z",8.9386
"Medidor 1 - L9","Corriente L1","A",12.416056098175346,6.7855,32.5967,"2025-03-22T14:07:42.993Z",12.0058
"Medidor 1 - L9","Corriente L1","A",12.416056098175346,6.7855,32.5967,"2025-03-22T14:08:43.074Z",11.8759
"Medidor 1 - L9","Corriente L1","A",12.416056098175346,6.7855,32.5967,"2025-03-22T14:09:43.139Z",12.287
"Medidor 1 - L9","Corriente L1","A",12.416056098175346,6.7855,32.5967,"2025-03-22T14:10:43.182Z",11.9054
"Medidor 1 - L9","Corriente L1","A",12.416056098175346,6.7855,32.5967,"2025-03-22T14:11:43.282Z",11.8827
"Medidor 1 - L9","Corriente L1","A",12.416056098175346,6.7855,32.5967,"2025-03-22T14:12:43.385Z",11.9785
"Medidor 1 - L9","Corriente L1","A",12.416056098175346,6.7855,32.5967,"2025-03-22T14:13:43.478Z",12.3565
"Medidor 1 - L9","Corriente L1","A",12.416056098175346,6.7855,32.5967,"2025-03-22T14:14:43.497Z",13.9684
"Medidor 1 - L9","Corriente L1","A",12.416056098175346,6.7855,32.5967,"2025-03-22T14:15:43.539Z",10.8394
"Medidor 1 - L9","Corriente L1","A",12.416056098175346,6.7855,32.5967,"2025-03-22T14:16:43.656Z",10.4818
"Medidor 1 - L9","Corriente L1","A",12.416056098175346,6.7855,32.5967,"2025-03-22T14:17:43.756Z",10.2552
"Medidor 1 - L9","Corriente L1","A",12.416056098175346,6.7855,32.5967,"2025-03-22T14:18:43.852Z",10.1746
"Medidor 1 - L9","Corriente L1","A",12.416056098175346,6.7855,32.5967,"2025-03-22T14:19:43.906Z",9.8391
"Medidor 1 - L9","Corriente L1","A",12.416056098175346,6.7855,32.5967,"2025-03-22T14:20:43.951Z",9.587
"Medidor 1 - L9","Corriente L1","A",12.416056098175346,6.7855,32.5967,"2025-03-22T14:21:44.040Z",9.4409
"Medidor 1 - L9","Corriente L1","A",12.416056098175346,6.7855,32.5967,"2025-03-22T14:22:44.070Z",12.0286
"Medidor 1 - L9","Corriente L1","A",12.416056098175346,6.7855,32.5967,"2025-03-22T14:23:44.235Z",12.484
"Medidor 1 - L9","Corriente L1","A",12.416056098175346,6.7855,32.5967,"2025-03-22T14:24:44.262Z",12.3066
"Medidor 1 - L9","Corriente L1","A",12.416056098175346,6.7855,32.5967,"2025-03-22T14:25:44.360Z",12.1863
"Medidor 1 - L9","Corriente L1","A",12.416056098175346,6.7855,32.5967,"2025-03-22T14:26:44.400Z",12.4997
"Medidor 1 - L9","Corriente L1","A",12.416056098175346,6.7855,32.5967,"2025-03-22T14:27:44.530Z",12.4424
"Medidor 1 - L9","Corriente L1","A",12.416056098175346,6.7855,32.5967,"2025-03-22T14:28:44.590Z",12.2755
"Medidor 1 - L9","Corriente L1","A",12.416056098175346,6.7855,32.5967,"2025-03-22T14:29:44.604Z",13.0834
"Medidor 1 - L9","Corriente L1","A",12.416056098175346,6.7855,32.5967,"2025-03-22T14:30:44.738Z",10.6515
"Medidor 1 - L9","Corriente L1","A",12.416056098175346,6.7855,32.5967,"2025-03-22T14:31:44.823Z",10.614
"Medidor 1 - L9","Corriente L1","A",12.416056098175346,6.7855,32.5967,"2025-03-22T14:32:44.936Z",10.2062
"Medidor 1 - L9","Corriente L1","A",12.416056098175346,6.7855,32.5967,"2025-03-22T14:33:45.034Z",10.1991
"Medidor 1 - L9","Corriente L1","A",12.416056098175346,6.7855,32.5967,"2025-03-22T14:34:45.106Z",10.0775
"Medidor 1 - L9","Corriente L1","A",12.416056098175346,6.7855,32.5967,"2025-03-22T14:35:45.158Z",9.7228
"Medidor 1 - L9","Corriente L1","A",12.416056098175346,6.7855,32.5967,"2025-03-22T14:36:45.241Z",9.5735
"Medidor 1 - L9","Corriente L1","A",12.416056098175346,6.7855,32.5967,"2025-03-22T14:37:45.341Z",12.136
"Medidor 1 - L9","Corriente L1","A",12.416056098175346,6.7855,32.5967,"2025-03-22T14:38:45.390Z",12.3679
"Medidor 1 - L9","Corriente L1","A",12.416056098175346,6.7855,32.5967,"2025-03-22T14:39:45.458Z",12.7808
"Medidor 1 - L9","Corriente L1","A",12.416056098175346,6.7855,32.5967,"2025-03-22T14:40:45.536Z",12.5224
"Medidor 1 - L9","Corriente L1","A",12.416056098175346,6.7855,32.5967,"2025-03-22T14:41:45.567Z",12.7314
"Medidor 1 - L9","Corriente L1","A",12.416056098175346,6.7855,32.5967,"2025-03-22T14:42:45.700Z",12.5017
"Medidor 1 - L9","Corriente L1","A",12.416056098175346,6.7855,32.5967,"2025-03-22T14:43:45.763Z",12.4205
"Medidor 1 - L9","Corriente L1","A",12.416056098175346,6.7855,32.5967,"2025-03-22T14:44:45.814Z",12.4262
"Medidor 1 - L9","Corriente L1","A",12.416056098175346,6.7855,32.5967,"2025-03-22T14:45:45.908Z",13.4095
"Medidor 1 - L9","Corriente L1","A",12.416056098175346,6.7855,32.5967,"2025-03-22T14:46:45.975Z",10.8376
"Medidor 1 - L9","Corriente L1","A",12.416056098175346,6.7855,32.5967,"2025-03-22T14:47:46.079Z",10.6896
"Medidor 1 - L9","Corriente L1","A",12.416056098175346,6.7855,32.5967,"2025-03-22T14:48:46.147Z",10.2374
"Medidor 1 - L9","Corriente L1","A",12.416056098175346,6.7855,32.5967,"2025-03-22T14:49:46.193Z",10.1878
"Medidor 1 - L9","Corriente L1","A",12.416056098175346,6.7855,32.5967,"2025-03-22T14:50:46.295Z",10.0538
"Medidor 1 - L9","Corriente L1","A",12.416056098175346,6.7855,32.5967,"2025-03-22T14:51:46.399Z",9.6168
"Medidor 1 - L9","Corriente L1","A",12.416056098175346,6.7855,32.5967,"2025-03-22T14:52:46.450Z",9.7815
"Medidor 1 - L9","Corriente L1","A",12.416056098175346,6.7855,32.5967,"2025-03-22T14:53:46.515Z",12.407
"Medidor 1 - L9","Corriente L1","A",12.416056098175346,6.7855,32.5967,"2025-03-22T14:54:46.605Z",12.3553
"Medidor 1 - L9","Corriente L1","A",12.416056098175346,6.7855,32.5967,"2025-03-22T14:55:46.585Z",12.5092
"Medidor 1 - L9","Corriente L1","A",12.416056098175346,6.7855,32.5967,"2025-03-22T14:56:46.779Z",12.2573
"Medidor 1 - L9","Corriente L1","A",12.416056098175346,6.7855,32.5967,"2025-03-22T14:57:46.956Z",12.4223
"Medidor 1 - L9","Corriente L1","A",12.416056098175346,6.7855,32.5967,"2025-03-22T14:58:46.975Z",12.4679
"Medidor 1 - L9","Corriente L1","A",12.416056098175346,6.7855,32.5967,"2025-03-22T14:59:47.082Z",12.4889
"Medidor 1 - L9","Corriente L1","A",12.416056098175346,6.7855,32.5967,"2025-03-22T15:00:47.243Z",9.8697
"Medidor 1 - L9","Corriente L1","A",12.416056098175346,6.7855,32.5967,"2025-03-22T15:01:47.276Z",10.7982
"Medidor 1 - L9","Corriente L1","A",12.416056098175346,6.7855,32.5967,"2025-03-22T15:02:47.417Z",10.8368
"Medidor 1 - L9","Corriente L1","A",12.416056098175346,6.7855,32.5967,"2025-03-22T15:03:47.486Z",10.9862
"Medidor 1 - L9","Corriente L1","A",12.416056098175346,6.7855,32.5967,"2025-03-22T15:04:47.656Z",10.4194
"Medidor 1 - L9","Corriente L1","A",12.416056098175346,6.7855,32.5967,"2025-03-22T15:05:47.701Z",10.4693
"Medidor 1 - L9","Corriente L1","A",12.416056098175346,6.7855,32.5967,"2025-03-22T15:06:47.793Z",10.6184
"Medidor 1 - L9","Corriente L1","A",12.416056098175346,6.7855,32.5967,"2025-03-22T15:07:47.919Z",10.4325
"Medidor 1 - L9","Corriente L1","A",12.416056098175346,6.7855,32.5967,"2025-03-22T15:08:47.938Z",13.3478
"Medidor 1 - L9","Corriente L1","A",12.416056098175346,6.7855,32.5967,"2025-03-22T15:09:48.028Z",13.4277
"Medidor 1 - L9","Corriente L1","A",12.416056098175346,6.7855,32.5967,"2025-03-22T15:10:48.137Z",13.3021
"Medidor 1 - L9","Corriente L1","A",12.416056098175346,6.7855,32.5967,"2025-03-22T15:11:48.138Z",13.2392
"Medidor 1 - L9","Corriente L1","A",12.416056098175346,6.7855,32.5967,"2025-03-22T15:12:48.232Z",13.6854
"Medidor 1 - L9","Corriente L1","A",12.416056098175346,6.7855,32.5967,"2025-03-22T15:13:48.304Z",13.0482
"Medidor 1 - L9","Corriente L1","A",12.416056098175346,6.7855,32.5967,"2025-03-22T15:14:48.411Z",13.0205
"Medidor 1 - L9","Corriente L1","A",12.416056098175346,6.7855,32.5967,"2025-03-22T15:15:48.475Z",13.3759
"Medidor 1 - L9","Corriente L1","A",12.416056098175346,6.7855,32.5967,"2025-03-22T15:16:48.611Z",11.5129
"Medidor 1 - L9","Corriente L1","A",12.416056098175346,6.7855,32.5967,"2025-03-22T15:17:48.720Z",11.3438
"Medidor 1 - L9","Corriente L1","A",12.416056098175346,6.7855,32.5967,"2025-03-22T15:18:48.806Z",11.429
"Medidor 1 - L9","Corriente L1","A",12.416056098175346,6.7855,32.5967,"2025-03-22T15:19:48.968Z",11.2224
"Medidor 1 - L9","Corriente L1","A",12.416056098175346,6.7855,32.5967,"2025-03-22T15:20:49.031Z",10.9447
"Medidor 1 - L9","Corriente L1","A",12.416056098175346,6.7855,32.5967,"2025-03-22T15:21:49.125Z",10.7224
"Medidor 1 - L9","Corriente L1","A",12.416056098175346,6.7855,32.5967,"2025-03-22T15:22:49.197Z",10.2384
"Medidor 1 - L9","Corriente L1","A",12.416056098175346,6.7855,32.5967,"2025-03-22T15:23:49.307Z",13.0293
"Medidor 1 - L9","Corriente L1","A",12.416056098175346,6.7855,32.5967,"2025-03-22T15:24:49.385Z",13.597
"Medidor 1 - L9","Corriente L1","A",12.416056098175346,6.7855,32.5967,"2025-03-22T15:25:49.436Z",13.1273
"Medidor 1 - L9","Corriente L1","A",12.416056098175346,6.7855,32.5967,"2025-03-22T15:26:49.550Z",13.1256
"Medidor 1 - L9","Corriente L1","A",12.416056098175346,6.7855,32.5967,"2025-03-22T15:27:49.596Z",13.0274
"Medidor 1 - L9","Corriente L1","A",12.416056098175346,6.7855,32.5967,"2025-03-22T15:28:49.683Z",13.2367
"Medidor 1 - L9","Corriente L1","A",12.416056098175346,6.7855,32.5967,"2025-03-22T15:29:49.758Z",12.853
"Medidor 1 - L9","Corriente L1","A",12.416056098175346,6.7855,32.5967,"2025-03-22T15:30:49.819Z",12.9683
"Medidor 1 - L9","Corriente L1","A",12.416056098175346,6.7855,32.5967,"2025-03-22T15:31:49.846Z",11.2645
"Medidor 1 - L9","Corriente L1","A",12.416056098175346,6.7855,32.5967,"2025-03-22T15:32:49.856Z",11.3726
"Medidor 1 - L9","Corriente L1","A",12.416056098175346,6.7855,32.5967,"2025-03-22T15:33:49.926Z",11.177
"Medidor 1 - L9","Corriente L1","A",12.416056098175346,6.7855,32.5967,"2025-03-22T15:34:50.081Z",10.7629
"Medidor 1 - L9","Corriente L1","A",12.416056098175346,6.7855,32.5967,"2025-03-22T15:35:50.166Z",10.6931
"Medidor 1 - L9","Corriente L1","A",12.416056098175346,6.7855,32.5967,"2025-03-22T15:36:50.328Z",10.8307
"Medidor 1 - L9","Corriente L1","A",12.416056098175346,6.7855,32.5967,"2025-03-22T15:37:50.377Z",10.1486
"Medidor 1 - L9","Corriente L1","A",12.416056098175346,6.7855,32.5967,"2025-03-22T15:38:50.471Z",13.146
"Medidor 1 - L9","Corriente L1","A",12.416056098175346,6.7855,32.5967,"2025-03-22T15:39:50.502Z",13.0713
"Medidor 1 - L9","Corriente L1","A",12.416056098175346,6.7855,32.5967,"2025-03-22T15:40:50.656Z",12.9177
"Medidor 1 - L9","Corriente L1","A",12.416056098175346,6.7855,32.5967,"2025-03-22T15:41:50.683Z",12.8938
"Medidor 1 - L9","Corriente L1","A",12.416056098175346,6.7855,32.5967,"2025-03-22T15:42:50.545Z",13.4084
"Medidor 1 - L9","Corriente L1","A",12.416056098175346,6.7855,32.5967,"2025-03-22T15:43:50.830Z",12.8471
"Medidor 1 - L9","Corriente L1","A",12.416056098175346,6.7855,32.5967,"2025-03-22T15:44:50.957Z",12.6941
"Medidor 1 - L9","Corriente L1","A",12.416056098175346,6.7855,32.5967,"2025-03-22T15:45:51.011Z",12.7749
"Medidor 1 - L9","Corriente L1","A",12.416056098175346,6.7855,32.5967,"2025-03-22T15:46:51.115Z",11.0353
"Medidor 1 - L9","Corriente L1","A",12.416056098175346,6.7855,32.5967,"2025-03-22T15:47:51.191Z",10.7163
"Medidor 1 - L9","Corriente L1","A",12.416056098175346,6.7855,32.5967,"2025-03-22T15:48:51.235Z",10.6217
"Medidor 1 - L9","Corriente L1","A",12.416056098175346,6.7855,32.5967,"2025-03-22T15:49:51.308Z",10.4129
"Medidor 1 - L9","Corriente L1","A",12.416056098175346,6.7855,32.5967,"2025-03-22T15:50:51.434Z",10.2224
"Medidor 1 - L9","Corriente L1","A",12.416056098175346,6.7855,32.5967,"2025-03-22T15:51:51.530Z",10.1184
"Medidor 1 - L9","Corriente L1","A",12.416056098175346,6.7855,32.5967,"2025-03-22T15:52:51.614Z",9.4352
"Medidor 1 - L9","Corriente L1","A",12.416056098175346,6.7855,32.5967,"2025-03-22T15:53:51.726Z",12.2612
"Medidor 1 - L9","Corriente L1","A",12.416056098175346,6.7855,32.5967,"2025-03-22T15:54:51.797Z",12.4592
"Medidor 1 - L9","Corriente L1","A",12.416056098175346,6.7855,32.5967,"2025-03-22T15:55:51.959Z",12.1865
"Medidor 1 - L9","Corriente L1","A",12.416056098175346,6.7855,32.5967,"2025-03-22T15:56:52.173Z",13.1459
"Medidor 1 - L9","Corriente L1","A",12.416056098175346,6.7855,32.5967,"2025-03-22T15:57:52.193Z",12.7435
"Medidor 1 - L9","Corriente L1","A",12.416056098175346,6.7855,32.5967,"2025-03-22T15:58:52.199Z",12.6792
"Medidor 1 - L9","Corriente L1","A",12.416056098175346,6.7855,32.5967,"2025-03-22T15:59:52.262Z",12.686
"Medidor 1 - L9","Corriente L1","A",12.416056098175346,6.7855,32.5967,"2025-03-22T16:00:52.286Z",12.9479
"Medidor 1 - L9","Corriente L1","A",12.416056098175346,6.7855,32.5967,"2025-03-22T16:01:52.449Z",14.1493
"Medidor 1 - L9","Corriente L1","A",12.416056098175346,6.7855,32.5967,"2025-03-22T16:02:52.505Z",11.2478
"Medidor 1 - L9","Corriente L1","A",12.416056098175346,6.7855,32.5967,"2025-03-22T16:03:52.629Z",11.1199
"Medidor 1 - L9","Corriente L1","A",12.416056098175346,6.7855,32.5967,"2025-03-22T16:04:52.715Z",10.8525
"Medidor 1 - L9","Corriente L1","A",12.416056098175346,6.7855,32.5967,"2025-03-22T16:05:52.759Z",10.8164
"Medidor 1 - L9","Corriente L1","A",12.416056098175346,6.7855,32.5967,"2025-03-22T16:06:52.839Z",10.7667
"Medidor 1 - L9","Corriente L1","A",12.416056098175346,6.7855,32.5967,"2025-03-22T16:07:52.997Z",10.0344
"Medidor 1 - L9","Corriente L1","A",12.416056098175346,6.7855,32.5967,"2025-03-22T16:08:53.062Z",10.1254
"Medidor 1 - L9","Corriente L1","A",12.416056098175346,6.7855,32.5967,"2025-03-22T16:09:53.201Z",13.1691
"Medidor 1 - L9","Corriente L1","A",12.416056098175346,6.7855,32.5967,"2025-03-22T16:10:53.245Z",12.8818
"Medidor 1 - L9","Corriente L1","A",12.416056098175346,6.7855,32.5967,"2025-03-22T16:11:53.310Z",13.5222
"Medidor 1 - L9","Corriente L1","A",12.416056098175346,6.7855,32.5967,"2025-03-22T16:12:53.459Z",12.9529
"Medidor 1 - L9","Corriente L1","A",12.416056098175346,6.7855,32.5967,"2025-03-22T16:13:53.510Z",12.9935
"Medidor 1 - L9","Corriente L1","A",12.416056098175346,6.7855,32.5967,"2025-03-22T16:14:53.655Z",13.1862
"Medidor 1 - L9","Corriente L1","A",12.416056098175346,6.7855,32.5967,"2025-03-22T16:15:53.536Z",13.1428
"Medidor 1 - L9","Corriente L1","A",12.416056098175346,6.7855,32.5967,"2025-03-22T16:16:53.805Z",14.1377
"Medidor 1 - L9","Corriente L1","A",12.416056098175346,6.7855,32.5967,"2025-03-22T16:17:53.871Z",11.243
"Medidor 1 - L9","Corriente L1","A",12.416056098175346,6.7855,32.5967,"2025-03-22T16:18:53.991Z",10.8653
"Medidor 1 - L9","Corriente L1","A",12.416056098175346,6.7855,32.5967,"2025-03-22T16:19:54.027Z",10.5499
"Medidor 1 - L9","Corriente L1","A",12.416056098175346,6.7855,32.5967,"2025-03-22T16:20:54.161Z",10.7511
"Medidor 1 - L9","Corriente L1","A",12.416056098175346,6.7855,32.5967,"2025-03-22T16:21:54.251Z",10.3396
"Medidor 1 - L9","Corriente L1","A",12.416056098175346,6.7855,32.5967,"2025-03-22T16:22:54.393Z",9.9863
"Medidor 1 - L9","Corriente L1","A",12.416056098175346,6.7855,32.5967,"2025-03-22T16:23:54.403Z",9.9327
"Medidor 1 - L9","Corriente L1","A",12.416056098175346,6.7855,32.5967,"2025-03-22T16:24:54.544Z",12.6655
"Medidor 1 - L9","Corriente L1","A",12.416056098175346,6.7855,32.5967,"2025-03-22T16:25:54.590Z",12.9498
"Medidor 1 - L9","Corriente L1","A",12.416056098175346,6.7855,32.5967,"2025-03-22T16:26:54.690Z",12.9419
"Medidor 1 - L9","Corriente L1","A",12.416056098175346,6.7855,32.5967,"2025-03-22T16:27:54.749Z",12.9624
"Medidor 1 - L9","Corriente L1","A",12.416056098175346,6.7855,32.5967,"2025-03-22T16:28:54.815Z",12.8534
"Medidor 1 - L9","Corriente L1","A",12.416056098175346,6.7855,32.5967,"2025-03-22T16:29:54.858Z",12.9013
"Medidor 1 - L9","Corriente L1","A",12.416056098175346,6.7855,32.5967,"2025-03-22T16:30:54.984Z",13.9145
"Medidor 1 - L9","Corriente L1","A",12.416056098175346,6.7855,32.5967,"2025-03-22T16:31:55.072Z",14.0009
"Medidor 1 - L9","Corriente L1","A",12.416056098175346,6.7855,32.5967,"2025-03-22T16:32:55.112Z",14.1061
"Medidor 1 - L9","Corriente L1","A",12.416056098175346,6.7855,32.5967,"2025-03-22T16:33:55.268Z",10.781
"Medidor 1 - L9","Corriente L1","A",12.416056098175346,6.7855,32.5967,"2025-03-22T16:34:55.279Z",10.7501
"Medidor 1 - L9","Corriente L1","A",12.416056098175346,6.7855,32.5967,"2025-03-22T16:35:55.342Z",10.7699
"Medidor 1 - L9","Corriente L1","A",12.416056098175346,6.7855,32.5967,"2025-03-22T16:36:55.423Z",10.0724
"Medidor 1 - L9","Corriente L1","A",12.416056098175346,6.7855,32.5967,"2025-03-22T16:37:55.539Z",10.1989
"Medidor 1 - L9","Corriente L1","A",12.416056098175346,6.7855,32.5967,"2025-03-22T16:38:55.549Z",10.0918
"Medidor 1 - L9","Corriente L1","A",12.416056098175346,6.7855,32.5967,"2025-03-22T16:39:55.588Z",10.0102
"Medidor 1 - L9","Corriente L1","A",12.416056098175346,6.7855,32.5967,"2025-03-22T16:40:55.725Z",12.9339
"Medidor 1 - L9","Corriente L1","A",12.416056098175346,6.7855,32.5967,"2025-03-22T16:41:55.828Z",13.055
"Medidor 1 - L9","Corriente L1","A",12.416056098175346,6.7855,32.5967,"2025-03-22T16:42:55.974Z",12.8664
"Medidor 1 - L9","Corriente L1","A",12.416056098175346,6.7855,32.5967,"2025-03-22T16:43:56.056Z",12.7614
"Medidor 1 - L9","Corriente L1","A",12.416056098175346,6.7855,32.5967,"2025-03-22T16:44:56.125Z",14.2875
"Medidor 1 - L9","Corriente L1","A",12.416056098175346,6.7855,32.5967,"2025-03-22T16:45:56.187Z",13.6685
"Medidor 1 - L9","Corriente L1","A",12.416056098175346,6.7855,32.5967,"2025-03-22T16:46:56.295Z",13.9565
"Medidor 1 - L9","Corriente L1","A",12.416056098175346,6.7855,32.5967,"2025-03-22T16:47:56.392Z",13.4991
"Medidor 1 - L9","Corriente L1","A",12.416056098175346,6.7855,32.5967,"2025-03-22T16:48:56.421Z",10.553
"Medidor 1 - L9","Corriente L1","A",12.416056098175346,6.7855,32.5967,"2025-03-22T16:49:56.526Z",11.1914
"Medidor 1 - L9","Corriente L1","A",12.416056098175346,6.7855,32.5967,"2025-03-22T16:50:56.666Z",11.0713
"Medidor 1 - L9","Corriente L1","A",12.416056098175346,6.7855,32.5967,"2025-03-22T16:51:56.721Z",11.088
"Medidor 1 - L9","Corriente L1","A",12.416056098175346,6.7855,32.5967,"2025-03-22T16:52:56.866Z",10.9377
"Medidor 1 - L9","Corriente L1","A",12.416056098175346,6.7855,32.5967,"2025-03-22T16:53:56.941Z",10.9303
"Medidor 1 - L9","Corriente L1","A",12.416056098175346,6.7855,32.5967,"2025-03-22T16:54:56.970Z",10.9745
"Medidor 1 - L9","Corriente L1","A",12.416056098175346,6.7855,32.5967,"2025-03-22T16:55:57.051Z",13.9282
"Medidor 1 - L9","Corriente L1","A",12.416056098175346,6.7855,32.5967,"2025-03-22T16:56:57.141Z",13.9892
"Medidor 1 - L9","Corriente L1","A",12.416056098175346,6.7855,32.5967,"2025-03-22T16:57:57.247Z",13.9856
"Medidor 1 - L9","Corriente L1","A",12.416056098175346,6.7855,32.5967,"2025-03-22T16:58:57.290Z",15.164
"Medidor 1 - L9","Corriente L1","A",12.416056098175346,6.7855,32.5967,"2025-03-22T16:59:57.383Z",14.9059
"Medidor 1 - L9","Corriente L1","A",12.416056098175346,6.7855,32.5967,"2025-03-22T17:00:57.530Z",14.9951
"Medidor 1 - L9","Corriente L1","A",12.416056098175346,6.7855,32.5967,"2025-03-22T17:01:57.609Z",14.6087
"Medidor 1 - L9","Corriente L1","A",12.416056098175346,6.7855,32.5967,"2025-03-22T17:02:57.680Z",14.464
"Medidor 1 - L9","Corriente L1","A",12.416056098175346,6.7855,32.5967,"2025-03-22T17:03:57.828Z",11.7341
"Medidor 1 - L9","Corriente L1","A",12.416056098175346,6.7855,32.5967,"2025-03-22T17:04:57.861Z",10.9904
"Medidor 1 - L9","Corriente L1","A",12.416056098175346,6.7855,32.5967,"2025-03-22T17:05:57.925Z",10.8033
"Medidor 1 - L9","Corriente L1","A",12.416056098175346,6.7855,32.5967,"2025-03-22T17:06:58.027Z",10.8807
"Medidor 1 - L9","Corriente L1","A",12.416056098175346,6.7855,32.5967,"2025-03-22T17:07:58.128Z",11.0933
"Medidor 1 - L9","Corriente L1","A",12.416056098175346,6.7855,32.5967,"2025-03-22T17:08:58.183Z",10.9623
"Medidor 1 - L9","Corriente L1","A",12.416056098175346,6.7855,32.5967,"2025-03-22T17:09:58.209Z",10.8749
"Medidor 1 - L9","Corriente L1","A",12.416056098175346,6.7855,32.5967,"2025-03-22T17:10:58.348Z",14.0407
"Medidor 1 - L9","Corriente L1","A",12.416056098175346,6.7855,32.5967,"2025-03-22T17:11:58.449Z",13.8925
"Medidor 1 - L9","Corriente L1","A",12.416056098175346,6.7855,32.5967,"2025-03-22T17:12:58.572Z",15.0111
"Medidor 1 - L9","Corriente L1","A",12.416056098175346,6.7855,32.5967,"2025-03-22T17:13:58.632Z",14.9419
"Medidor 1 - L9","Corriente L1","A",12.416056098175346,6.7855,32.5967,"2025-03-22T17:14:58.729Z",15.23
"Medidor 1 - L9","Corriente L1","A",12.416056098175346,6.7855,32.5967,"2025-03-22T17:15:58.780Z",14.5357
"Medidor 1 - L9","Corriente L1","A",12.416056098175346,6.7855,32.5967,"2025-03-22T17:16:58.857Z",14.5829
"Medidor 1 - L9","Corriente L1","A",12.416056098175346,6.7855,32.5967,"2025-03-22T17:17:58.915Z",14.476
"Medidor 1 - L9","Corriente L1","A",12.416056098175346,6.7855,32.5967,"2025-03-22T17:18:59.008Z",13.6631
"Medidor 1 - L9","Corriente L1","A",12.416056098175346,6.7855,32.5967,"2025-03-22T17:19:59.088Z",10.7633
"Medidor 1 - L9","Corriente L1","A",12.416056098175346,6.7855,32.5967,"2025-03-22T17:20:59.190Z",10.6952
"Medidor 1 - L9","Corriente L1","A",12.416056098175346,6.7855,32.5967,"2025-03-22T17:21:59.253Z",11.5837
"Medidor 1 - L9","Corriente L1","A",12.416056098175346,6.7855,32.5967,"2025-03-22T17:22:59.351Z",11.7083
"Medidor 1 - L9","Corriente L1","A",12.416056098175346,6.7855,32.5967,"2025-03-22T17:23:59.392Z",11.6844
"Medidor 1 - L9","Corriente L1","A",12.416056098175346,6.7855,32.5967,"2025-03-22T17:24:59.456Z",11.7482
"Medidor 1 - L9","Corriente L1","A",12.416056098175346,6.7855,32.5967,"2025-03-22T17:25:59.565Z",11.6682
"Medidor 1 - L9","Corriente L1","A",12.416056098175346,6.7855,32.5967,"2025-03-22T17:26:59.655Z",16.029
"Medidor 1 - L9","Corriente L1","A",12.416056098175346,6.7855,32.5967,"2025-03-22T17:27:59.757Z",15.9307
"Medidor 1 - L9","Corriente L1","A",12.416056098175346,6.7855,32.5967,"2025-03-22T17:28:59.832Z",16.2588
"Medidor 1 - L9","Corriente L1","A",12.416056098175346,6.7855,32.5967,"2025-03-22T17:29:59.881Z",15.4439
"Medidor 1 - L9","Corriente L1","A",12.416056098175346,6.7855,32.5967,"2025-03-22T17:31:00.027Z",15.7353
"Medidor 1 - L9","Corriente L1","A",12.416056098175346,6.7855,32.5967,"2025-03-22T17:32:00.120Z",15.5131
"Medidor 1 - L9","Corriente L1","A",12.416056098175346,6.7855,32.5967,"2025-03-22T17:33:00.187Z",14.844
"Medidor 1 - L9","Corriente L1","A",12.416056098175346,6.7855,32.5967,"2025-03-22T17:34:00.362Z",14.9864
"Medidor 1 - L9","Corriente L1","A",12.416056098175346,6.7855,32.5967,"2025-03-22T17:35:00.623Z",15.0458
"Medidor 1 - L9","Corriente L1","A",12.416056098175346,6.7855,32.5967,"2025-03-22T17:36:00.615Z",11.9504
"Medidor 1 - L9","Corriente L1","A",12.416056098175346,6.7855,32.5967,"2025-03-22T17:37:00.637Z",11.8205
"Medidor 1 - L9","Corriente L1","A",12.416056098175346,6.7855,32.5967,"2025-03-22T17:38:00.716Z",11.7368
"Medidor 1 - L9","Corriente L1","A",12.416056098175346,6.7855,32.5967,"2025-03-22T17:39:00.771Z",11.6988
"Medidor 1 - L9","Corriente L1","A",12.416056098175346,6.7855,32.5967,"2025-03-22T17:40:00.812Z",11.7613
"Medidor 1 - L9","Corriente L1","A",12.416056098175346,6.7855,32.5967,"2025-03-22T17:41:00.925Z",12.8276
"Medidor 1 - L9","Corriente L1","A",12.416056098175346,6.7855,32.5967,"2025-03-22T17:42:00.989Z",15.8021
"Medidor 1 - L9","Corriente L1","A",12.416056098175346,6.7855,32.5967,"2025-03-22T17:43:01.116Z",16.0791
"Medidor 1 - L9","Corriente L1","A",12.416056098175346,6.7855,32.5967,"2025-03-22T17:44:01.185Z",15.6558
"Medidor 1 - L9","Corriente L1","A",12.416056098175346,6.7855,32.5967,"2025-03-22T17:45:01.230Z",15.497
"Medidor 1 - L9","Corriente L1","A",12.416056098175346,6.7855,32.5967,"2025-03-22T17:46:01.305Z",15.0612
"Medidor 1 - L9","Corriente L1","A",12.416056098175346,6.7855,32.5967,"2025-03-22T17:47:01.383Z",14.7453
"Medidor 1 - L9","Corriente L1","A",12.416056098175346,6.7855,32.5967,"2025-03-22T17:48:01.492Z",14.8187
"Medidor 1 - L9","Corriente L1","A",12.416056098175346,6.7855,32.5967,"2025-03-22T17:49:01.485Z",14.5811
"Medidor 1 - L9","Corriente L1","A",12.416056098175346,6.7855,32.5967,"2025-03-22T17:50:01.645Z",14.5527
"Medidor 1 - L9","Corriente L1","A",12.416056098175346,6.7855,32.5967,"2025-03-22T17:51:01.602Z",11.7428
"Medidor 1 - L9","Corriente L1","A",12.416056098175346,6.7855,32.5967,"2025-03-22T17:52:01.738Z",11.7232
"Medidor 1 - L9","Corriente L1","A",12.416056098175346,6.7855,32.5967,"2025-03-22T17:53:01.840Z",11.6537
"Medidor 1 - L9","Corriente L1","A",12.416056098175346,6.7855,32.5967,"2025-03-22T17:54:01.919Z",12.6327
"Medidor 1 - L9","Corriente L1","A",12.416056098175346,6.7855,32.5967,"2025-03-22T17:55:01.933Z",12.6678
"Medidor 1 - L9","Corriente L1","A",12.416056098175346,6.7855,32.5967,"2025-03-22T17:56:02.102Z",11.8174
"Medidor 1 - L9","Corriente L1","A",12.416056098175346,6.7855,32.5967,"2025-03-22T17:57:02.153Z",11.3137
"Medidor 1 - L9","Corriente L1","A",12.416056098175346,6.7855,32.5967,"2025-03-22T17:58:02.359Z",14.6268
"Medidor 1 - L9","Corriente L1","A",12.416056098175346,6.7855,32.5967,"2025-03-22T17:59:02.395Z",14.0243
"Medidor 1 - L9","Corriente L1","A",12.416056098175346,6.7855,32.5967,"2025-03-22T18:00:02.474Z",13.5266
"Medidor 1 - L9","Corriente L1","A",12.416056098175346,6.7855,32.5967,"2025-03-22T18:01:02.543Z",13.3823
"Medidor 1 - L9","Corriente L1","A",12.416056098175346,6.7855,32.5967,"2025-03-22T18:02:02.627Z",13.8793
"Medidor 1 - L9","Corriente L1","A",12.416056098175346,6.7855,32.5967,"2025-03-22T18:03:02.696Z",13.1815
"Medidor 1 - L9","Corriente L1","A",12.416056098175346,6.7855,32.5967,"2025-03-22T18:04:02.806Z",13.1765
"Medidor 1 - L9","Corriente L1","A",12.416056098175346,6.7855,32.5967,"2025-03-22T18:05:02.861Z",13.4987
"Medidor 1 - L9","Corriente L1","A",12.416056098175346,6.7855,32.5967,"2025-03-22T18:06:02.854Z",10.4896
"Medidor 1 - L9","Corriente L1","A",12.416056098175346,6.7855,32.5967,"2025-03-22T18:07:02.955Z",11.0628
"Medidor 1 - L9","Corriente L1","A",12.416056098175346,6.7855,32.5967,"2025-03-22T18:08:03.125Z",11.6548
"Medidor 1 - L9","Corriente L1","A",12.416056098175346,6.7855,32.5967,"2025-03-22T18:09:03.199Z",11.8292
"Medidor 1 - L9","Corriente L1","A",12.416056098175346,6.7855,32.5967,"2025-03-22T18:10:03.299Z",11.3795
"Medidor 1 - L9","Corriente L1","A",12.416056098175346,6.7855,32.5967,"2025-03-22T18:11:03.399Z",11.2281
"Medidor 1 - L9","Corriente L1","A",12.416056098175346,6.7855,32.5967,"2025-03-22T18:12:03.509Z",11.0885
"Medidor 1 - L9","Corriente L1","A",12.416056098175346,6.7855,32.5967,"2025-03-22T18:13:03.599Z",13.9122
"Medidor 1 - L9","Corriente L1","A",12.416056098175346,6.7855,32.5967,"2025-03-22T18:14:03.660Z",12.9973
"Medidor 1 - L9","Corriente L1","A",12.416056098175346,6.7855,32.5967,"2025-03-22T18:15:03.648Z",13.1314
"Medidor 1 - L9","Corriente L1","A",12.416056098175346,6.7855,32.5967,"2025-03-22T18:16:03.778Z",11.8514
"Medidor 1 - L9","Corriente L1","A",12.416056098175346,6.7855,32.5967,"2025-03-22T18:17:03.833Z",12.2136
"Medidor 1 - L9","Corriente L1","A",12.416056098175346,6.7855,32.5967,"2025-03-22T18:18:03.910Z",12.086
"Medidor 1 - L9","Corriente L1","A",12.416056098175346,6.7855,32.5967,"2025-03-22T18:19:03.975Z",12.0394
"Medidor 1 - L9","Corriente L1","A",12.416056098175346,6.7855,32.5967,"2025-03-22T18:20:04.061Z",12.1913
"Medidor 1 - L9","Corriente L1","A",12.416056098175346,6.7855,32.5967,"2025-03-22T18:21:04.113Z",13.0632
"Medidor 1 - L9","Corriente L1","A",12.416056098175346,6.7855,32.5967,"2025-03-22T18:22:04.164Z",9.6527
"Medidor 1 - L9","Corriente L1","A",12.416056098175346,6.7855,32.5967,"2025-03-22T18:23:04.234Z",9.6359
"Medidor 1 - L9","Corriente L1","A",12.416056098175346,6.7855,32.5967,"2025-03-22T18:24:04.331Z",9.2667
"Medidor 1 - L9","Corriente L1","A",12.416056098175346,6.7855,32.5967,"2025-03-22T18:25:04.467Z",9.2212
"Medidor 1 - L9","Corriente L1","A",12.416056098175346,6.7855,32.5967,"2025-03-22T18:26:04.564Z",9.0877
"Medidor 1 - L9","Corriente L1","A",12.416056098175346,6.7855,32.5967,"2025-03-22T18:27:04.647Z",8.5034
"Medidor 1 - L9","Corriente L1","A",12.416056098175346,6.7855,32.5967,"2025-03-22T18:28:04.768Z",11.3819
"Medidor 1 - L9","Corriente L1","A",12.416056098175346,6.7855,32.5967,"2025-03-22T18:29:04.857Z",11.5422
"Medidor 1 - L9","Corriente L1","A",12.416056098175346,6.7855,32.5967,"2025-03-22T18:30:04.923Z",11.7886
"Medidor 1 - L9","Corriente L1","A",12.416056098175346,6.7855,32.5967,"2025-03-22T18:31:05.003Z",11.3885
"Medidor 1 - L9","Corriente L1","A",12.416056098175346,6.7855,32.5967,"2025-03-22T18:32:05.053Z",11.4795
"Medidor 1 - L9","Corriente L1","A",12.416056098175346,6.7855,32.5967,"2025-03-22T18:33:05.131Z",11.4822
"Medidor 1 - L9","Corriente L1","A",12.416056098175346,6.7855,32.5967,"2025-03-22T18:34:05.200Z",13.1866
"Medidor 1 - L9","Corriente L1","A",12.416056098175346,6.7855,32.5967,"2025-03-22T18:35:05.284Z",12.5891
"Medidor 1 - L9","Corriente L1","A",12.416056098175346,6.7855,32.5967,"2025-03-22T18:36:05.416Z",12.7649
"Medidor 1 - L9","Corriente L1","A",12.416056098175346,6.7855,32.5967,"2025-03-22T18:37:05.494Z",12.1284
"Medidor 1 - L9","Corriente L1","A",12.416056098175346,6.7855,32.5967,"2025-03-22T18:38:05.566Z",8.8276
"Medidor 1 - L9","Corriente L1","A",12.416056098175346,6.7855,32.5967,"2025-03-22T18:39:05.665Z",8.7234
"Medidor 1 - L9","Corriente L1","A",12.416056098175346,6.7855,32.5967,"2025-03-22T18:40:05.707Z",8.0145
"Medidor 1 - L9","Corriente L1","A",12.416056098175346,6.7855,32.5967,"2025-03-22T18:41:05.829Z",7.9462
"Medidor 1 - L9","Corriente L1","A",12.416056098175346,6.7855,32.5967,"2025-03-22T18:42:05.928Z",8.0022
"Medidor 1 - L9","Corriente L1","A",12.416056098175346,6.7855,32.5967,"2025-03-22T18:43:05.955Z",8.0267
"Medidor 1 - L9","Corriente L1","A",12.416056098175346,6.7855,32.5967,"2025-03-22T18:44:06.103Z",10.9362
"Medidor 1 - L9","Corriente L1","A",12.416056098175346,6.7855,32.5967,"2025-03-22T18:45:06.139Z",10.9471
"Medidor 1 - L9","Corriente L1","A",12.416056098175346,6.7855,32.5967,"2025-03-22T18:46:06.283Z",11.2819
"Medidor 1 - L9","Corriente L1","A",12.416056098175346,6.7855,32.5967,"2025-03-22T18:47:06.307Z",12.1966
"Medidor 1 - L9","Corriente L1","A",12.416056098175346,6.7855,32.5967,"2025-03-22T18:48:06.440Z",12.2246
"Medidor 1 - L9","Corriente L1","A",12.416056098175346,6.7855,32.5967,"2025-03-22T18:49:06.531Z",12.2871
"Medidor 1 - L9","Corriente L1","A",12.416056098175346,6.7855,32.5967,"2025-03-22T18:50:06.622Z",11.805
"Medidor 1 - L9","Corriente L1","A",12.416056098175346,6.7855,32.5967,"2025-03-22T18:51:06.696Z",11.7748
"Medidor 1 - L9","Corriente L1","A",12.416056098175346,6.7855,32.5967,"2025-03-22T18:52:06.839Z",11.8016
"Medidor 1 - L9","Corriente L1","A",12.416056098175346,6.7855,32.5967,"2025-03-22T18:53:06.881Z",8.039
"Medidor 1 - L9","Corriente L1","A",12.416056098175346,6.7855,32.5967,"2025-03-22T18:54:06.992Z",7.9728
"Medidor 1 - L9","Corriente L1","A",12.416056098175346,6.7855,32.5967,"2025-03-22T18:55:07.017Z",7.9795
"Medidor 1 - L9","Corriente L1","A",12.416056098175346,6.7855,32.5967,"2025-03-22T18:56:07.099Z",8.0548
"Medidor 1 - L9","Corriente L1","A",12.416056098175346,6.7855,32.5967,"2025-03-22T18:57:07.137Z",7.9893
"Medidor 1 - L9","Corriente L1","A",12.416056098175346,6.7855,32.5967,"2025-03-22T18:58:07.202Z",7.9641
"Medidor 1 - L9","Corriente L1","A",12.416056098175346,6.7855,32.5967,"2025-03-22T18:59:07.251Z",11.1359
"Medidor 1 - L9","Corriente L1","A",12.416056098175346,6.7855,32.5967,"2025-03-22T19:00:07.354Z",12.3538
"Medidor 1 - L9","Corriente L1","A",12.416056098175346,6.7855,32.5967,"2025-03-22T19:01:07.414Z",12.5579
"Medidor 1 - L9","Corriente L1","A",12.416056098175346,6.7855,32.5967,"2025-03-22T19:02:07.513Z",12.1847
"Medidor 1 - L9","Corriente L1","A",12.416056098175346,6.7855,32.5967,"2025-03-22T19:03:07.550Z",11.7812
"Medidor 1 - L9","Corriente L1","A",12.416056098175346,6.7855,32.5967,"2025-03-22T19:04:07.694Z",11.7732
"Medidor 1 - L9","Corriente L1","A",12.416056098175346,6.7855,32.5967,"2025-03-22T19:05:07.736Z",11.7473
"Medidor 1 - L9","Corriente L1","A",12.416056098175346,6.7855,32.5967,"2025-03-22T19:06:07.876Z",11.1217
"Medidor 1 - L9","Corriente L1","A",12.416056098175346,6.7855,32.5967,"2025-03-22T19:07:07.944Z",11.1267
"Medidor 1 - L9","Corriente L1","A",12.416056098175346,6.7855,32.5967,"2025-03-22T19:08:08.074Z",8.032
"Medidor 1 - L9","Corriente L1","A",12.416056098175346,6.7855,32.5967,"2025-03-22T19:09:08.093Z",8.044
"Medidor 1 - L9","Corriente L1","A",12.416056098175346,6.7855,32.5967,"2025-03-22T19:10:08.184Z",8.0374
"Medidor 1 - L9","Corriente L1","A",12.416056098175346,6.7855,32.5967,"2025-03-22T19:11:08.279Z",8.0888
"Medidor 1 - L9","Corriente L1","A",12.416056098175346,6.7855,32.5967,"2025-03-22T19:12:08.345Z",8.0408
"Medidor 1 - L9","Corriente L1","A",12.416056098175346,6.7855,32.5967,"2025-03-22T19:13:08.407Z",9.2127
"Medidor 1 - L9","Corriente L1","A",12.416056098175346,6.7855,32.5967,"2025-03-22T19:14:08.547Z",12.411
"Medidor 1 - L9","Corriente L1","A",12.416056098175346,6.7855,32.5967,"2025-03-22T19:15:08.626Z",12.4164
"Medidor 1 - L9","Corriente L1","A",12.416056098175346,6.7855,32.5967,"2025-03-22T19:16:08.677Z",12.3087
"Medidor 1 - L9","Corriente L1","A",12.416056098175346,6.7855,32.5967,"2025-03-22T19:17:08.833Z",11.8191
"Medidor 1 - L9","Corriente L1","A",12.416056098175346,6.7855,32.5967,"2025-03-22T19:18:08.922Z",11.7499
"Medidor 1 - L9","Corriente L1","A",12.416056098175346,6.7855,32.5967,"2025-03-22T19:19:09.028Z",11.071
"Medidor 1 - L9","Corriente L1","A",12.416056098175346,6.7855,32.5967,"2025-03-22T19:20:09.112Z",10.8257
"Medidor 1 - L9","Corriente L1","A",12.416056098175346,6.7855,32.5967,"2025-03-22T19:21:09.195Z",11.0437
"Medidor 1 - L9","Corriente L1","A",12.416056098175346,6.7855,32.5967,"2025-03-22T19:22:09.316Z",11.3472
"Medidor 1 - L9","Corriente L1","A",12.416056098175346,6.7855,32.5967,"2025-03-22T19:23:09.392Z",8.029
"Medidor 1 - L9","Corriente L1","A",12.416056098175346,6.7855,32.5967,"2025-03-22T19:24:09.474Z",8.0707
"Medidor 1 - L9","Corriente L1","A",12.416056098175346,6.7855,32.5967,"2025-03-22T19:25:09.555Z",8.5134
"Medidor 1 - L9","Corriente L1","A",12.416056098175346,6.7855,32.5967,"2025-03-22T19:26:09.569Z",9.1813
"Medidor 1 - L9","Corriente L1","A",12.416056098175346,6.7855,32.5967,"2025-03-22T19:27:09.628Z",9.2303
"Medidor 1 - L9","Corriente L1","A",12.416056098175346,6.7855,32.5967,"2025-03-22T19:28:09.792Z",9.3
"Medidor 1 - L9","Corriente L1","A",12.416056098175346,6.7855,32.5967,"2025-03-22T19:29:09.871Z",11.7034
"Medidor 1 - L9","Corriente L1","A",12.416056098175346,6.7855,32.5967,"2025-03-22T19:30:09.988Z",11.7979
"Medidor 1 - L9","Corriente L1","A",12.416056098175346,6.7855,32.5967,"2025-03-22T19:31:10.085Z",11.2526
"Medidor 1 - L9","Corriente L1","A",12.416056098175346,6.7855,32.5967,"2025-03-22T19:32:10.189Z",11.0587
"Medidor 1 - L9","Corriente L1","A",12.416056098175346,6.7855,32.5967,"2025-03-22T19:33:10.269Z",11.2752
"Medidor 1 - L9","Corriente L1","A",12.416056098175346,6.7855,32.5967,"2025-03-22T19:34:10.394Z",11.3274
"Medidor 1 - L9","Corriente L1","A",12.416056098175346,6.7855,32.5967,"2025-03-22T19:35:10.470Z",11.2023
"Medidor 1 - L9","Corriente L1","A",12.416056098175346,6.7855,32.5967,"2025-03-22T19:36:10.622Z",11.1195
"Medidor 1 - L9","Corriente L1","A",12.416056098175346,6.7855,32.5967,"2025-03-22T19:37:10.668Z",11.1601
"Medidor 1 - L9","Corriente L1","A",12.416056098175346,6.7855,32.5967,"2025-03-22T19:38:10.790Z",12.0224
"Medidor 1 - L9","Corriente L1","A",12.416056098175346,6.7855,32.5967,"2025-03-22T19:39:10.869Z",9.2847
"Medidor 1 - L9","Corriente L1","A",12.416056098175346,6.7855,32.5967,"2025-03-22T19:40:10.903Z",9.2676
"Medidor 1 - L9","Corriente L1","A",12.416056098175346,6.7855,32.5967,"2025-03-22T19:41:11.051Z",8.8544
"Medidor 1 - L9","Corriente L1","A",12.416056098175346,6.7855,32.5967,"2025-03-22T19:42:11.085Z",8.8303
"Medidor 1 - L9","Corriente L1","A",12.416056098175346,6.7855,32.5967,"2025-03-22T19:43:11.163Z",8.7397
"Medidor 1 - L9","Corriente L1","A",12.416056098175346,6.7855,32.5967,"2025-03-22T19:44:11.279Z",8.1097
"Medidor 1 - L9","Corriente L1","A",12.416056098175346,6.7855,32.5967,"2025-03-22T19:45:11.384Z",11.0631
"Medidor 1 - L9","Corriente L1","A",12.416056098175346,6.7855,32.5967,"2025-03-22T19:46:11.460Z",10.9392
"Medidor 1 - L9","Corriente L1","A",12.416056098175346,6.7855,32.5967,"2025-03-22T19:47:11.591Z",11.2464
"Medidor 1 - L9","Corriente L1","A",12.416056098175346,6.7855,32.5967,"2025-03-22T19:48:11.691Z",10.9828
"Medidor 1 - L9","Corriente L1","A",12.416056098175346,6.7855,32.5967,"2025-03-22T19:49:11.740Z",11.0409
"Medidor 1 - L9","Corriente L1","A",12.416056098175346,6.7855,32.5967,"2025-03-22T19:50:11.790Z",11.0848
"Medidor 1 - L9","Corriente L1","A",12.416056098175346,6.7855,32.5967,"2025-03-22T19:51:11.851Z",12.2445
"Medidor 1 - L9","Corriente L1","A",12.416056098175346,6.7855,32.5967,"2025-03-22T19:52:11.936Z",12.235
"Medidor 1 - L9","Corriente L1","A",12.416056098175346,6.7855,32.5967,"2025-03-22T19:53:11.994Z",12.2906
"Medidor 1 - L9","Corriente L1","A",12.416056098175346,6.7855,32.5967,"2025-03-22T19:54:12.103Z",11.7803
"Medidor 1 - L9","Corriente L1","A",12.416056098175346,6.7855,32.5967,"2025-03-22T19:55:12.205Z",8.7858
"Medidor 1 - L9","Corriente L1","A",12.416056098175346,6.7855,32.5967,"2025-03-22T19:56:12.265Z",8.7237
"Medidor 1 - L9","Corriente L1","A",12.416056098175346,6.7855,32.5967,"2025-03-22T19:57:12.319Z",8.0276
"Medidor 1 - L9","Corriente L1","A",12.416056098175346,6.7855,32.5967,"2025-03-22T19:58:12.464Z",8.035
"Medidor 1 - L9","Corriente L1","A",12.416056098175346,6.7855,32.5967,"2025-03-22T19:59:12.556Z",7.9788
"Medidor 1 - L9","Corriente L1","A",12.416056098175346,6.7855,32.5967,"2025-03-22T20:00:12.579Z",8.0371
"Medidor 1 - L9","Corriente L1","A",12.416056098175346,6.7855,32.5967,"2025-03-22T20:01:12.669Z",11.143
"Medidor 1 - L9","Corriente L1","A",12.416056098175346,6.7855,32.5967,"2025-03-22T20:02:12.768Z",10.8536
"Medidor 1 - L9","Corriente L1","A",12.416056098175346,6.7855,32.5967,"2025-03-22T20:03:12.859Z",12.1387
"Medidor 1 - L9","Corriente L1","A",12.416056098175346,6.7855,32.5967,"2025-03-22T20:04:12.946Z",12.2028
"Medidor 1 - L9","Corriente L1","A",12.416056098175346,6.7855,32.5967,"2025-03-22T20:05:12.912Z",12.2865
"Medidor 1 - L9","Corriente L1","A",12.416056098175346,6.7855,32.5967,"2025-03-22T20:06:13.074Z",11.8412
"Medidor 1 - L9","Corriente L1","A",12.416056098175346,6.7855,32.5967,"2025-03-22T20:07:13.156Z",11.7669
"Medidor 1 - L9","Corriente L1","A",12.416056098175346,6.7855,32.5967,"2025-03-22T20:08:13.181Z",11.6659
"Medidor 1 - L9","Corriente L1","A",12.416056098175346,6.7855,32.5967,"2025-03-22T20:09:13.353Z",11.0083
"Medidor 1 - L9","Corriente L1","A",12.416056098175346,6.7855,32.5967,"2025-03-22T20:10:13.439Z",8.0779
"Medidor 1 - L9","Corriente L1","A",12.416056098175346,6.7855,32.5967,"2025-03-22T20:11:13.532Z",8.0304
"Medidor 1 - L9","Corriente L1","A",12.416056098175346,6.7855,32.5967,"2025-03-22T20:12:13.666Z",8.048
"Medidor 1 - L9","Corriente L1","A",12.416056098175346,6.7855,32.5967,"2025-03-22T20:13:13.761Z",7.9536
"Medidor 1 - L9","Corriente L1","A",12.416056098175346,6.7855,32.5967,"2025-03-22T20:14:13.768Z",8.0411
"Medidor 1 - L9","Corriente L1","A",12.416056098175346,6.7855,32.5967,"2025-03-22T20:15:13.853Z",7.9917
"Medidor 1 - L9","Corriente L1","A",12.416056098175346,6.7855,32.5967,"2025-03-22T20:16:13.962Z",12.2578
"Medidor 1 - L9","Corriente L1","A",12.416056098175346,6.7855,32.5967,"2025-03-22T20:17:14.061Z",12.2443
"Medidor 1 - L9","Corriente L1","A",12.416056098175346,6.7855,32.5967,"2025-03-22T20:18:14.153Z",12.7063
"Medidor 1 - L9","Corriente L1","A",12.416056098175346,6.7855,32.5967,"2025-03-22T20:19:14.277Z",11.9365
"Medidor 1 - L9","Corriente L1","A",12.416056098175346,6.7855,32.5967,"2025-03-22T20:20:14.387Z",11.8267
"Medidor 1 - L9","Corriente L1","A",12.416056098175346,6.7855,32.5967,"2025-03-22T20:21:14.465Z",11.7734
"Medidor 1 - L9","Corriente L1","A",12.416056098175346,6.7855,32.5967,"2025-03-22T20:22:14.578Z",11.0065
"Medidor 1 - L9","Corriente L1","A",12.416056098175346,6.7855,32.5967,"2025-03-22T20:23:14.655Z",10.9721
"Medidor 1 - L9","Corriente L1","A",12.416056098175346,6.7855,32.5967,"2025-03-22T20:24:14.687Z",11.3802
"Medidor 1 - L9","Corriente L1","A",12.416056098175346,6.7855,32.5967,"2025-03-22T20:25:14.822Z",10.8587
"Medidor 1 - L9","Corriente L1","A",12.416056098175346,6.7855,32.5967,"2025-03-22T20:26:14.937Z",11.048
"Medidor 1 - L9","Corriente L1","A",12.416056098175346,6.7855,32.5967,"2025-03-22T20:27:15.010Z",8.0857
"Medidor 1 - L9","Corriente L1","A",12.416056098175346,6.7855,32.5967,"2025-03-22T20:28:15.099Z",9.104
"Medidor 1 - L9","Corriente L1","A",12.416056098175346,6.7855,32.5967,"2025-03-22T20:29:15.169Z",9.274
"Medidor 1 - L9","Corriente L1","A",12.416056098175346,6.7855,32.5967,"2025-03-22T20:30:15.246Z",9.3212
"Medidor 1 - L9","Corriente L1","A",12.416056098175346,6.7855,32.5967,"2025-03-22T20:31:15.304Z",8.7883
"Medidor 1 - L9","Corriente L1","A",12.416056098175346,6.7855,32.5967,"2025-03-22T20:32:15.332Z",8.8096